Delta,Time,CORE0_ENERGY (J),CORE0_FREQ (MHZ),CORE0_PSTATE,CORE0_VOLT (V),CPU_ENERGY (J),CPU_FREQUENCY_0,CPU_FREQUENCY_1,CPU_FREQUENCY_10,CPU_FREQUENCY_11,CPU_FREQUENCY_12,CPU_FREQUENCY_13,CPU_FREQUENCY_14,CPU_FREQUENCY_15,CPU_FREQUENCY_2,CPU_FREQUENCY_3,CPU_FREQUENCY_4,CPU_FREQUENCY_5,CPU_FREQUENCY_6,CPU_FREQUENCY_7,CPU_FREQUENCY_8,CPU_FREQUENCY_9,CPU_USAGE_0,CPU_USAGE_1,CPU_USAGE_10,CPU_USAGE_11,CPU_USAGE_12,CPU_USAGE_13,CPU_USAGE_14,CPU_USAGE_15,CPU_USAGE_2,CPU_USAGE_3,CPU_USAGE_4,CPU_USAGE_5,CPU_USAGE_6,CPU_USAGE_7,CPU_USAGE_8,CPU_USAGE_9,TOTAL_MEMORY,TOTAL_SWAP,USED_MEMORY,USED_SWAP
0,1738831654005,3153.943862915039,3200,1,0.9875,63507.42660522461,3200,3200,3200,3200,3200,3200,3200,3200,3200,3200,3200,3200,3200,3200,3200,3200,9.716667175292969,0,66.24278259277344,0,14.828330993652344,0,0,0,53.42333221435547,0,0,63.89611053466797,11.572219848632813,0,25.4022216796875,13.196662902832031,17089679360,11274289152,6757789696,0
199,1738831654006,5257.793426513672,3200,1,0.99375,63507.55563354492,3200,3200,3200,3200,3200,3200,3200,3200,3200,3200,3200,3200,3200,3200,3200,3200,23.507347106933594,0.3000335693359375,72.1722183227539,0.25335693359375,0.27669525146484375,0.6500625610351563,0.5650558471679688,0.2866973876953125,30.009666442871094,3.8953857421875,0.6333999633789063,100,0.541717529296875,0.46504974365234375,21.17711639404297,11.541152954101563,17089679360,11274289152,6757703680,0
199,1738831654206,5257.882736206055,3200,1,0.9875,63511.27870178223,3200,3200,3200,3200,3200,3200,3200,3200,3200,3200,3200,3200,3200,3200,3200,3200,18.547286987304688,0.32253265380859375,3.0287017822265625,0,3.15484619140625,0.0084075927734375,0.27973175048828125,0.51611328125,2.286865234375,70.97456359863281,16.497451782226563,16.437530517578125,22.638145446777344,0.20909881591796875,10.142852783203125,0.5607147216796875,17089679360,11274289152,6784192512,0
200,1738831654406,5257.940048217773,3200,1,1,63513.790130615234,3200,3200,3200,3200,3200,3200,3200,3200,3200,3200,3200,3200,3200,3200,3200,3200,2.1339187622070313,0.22104644775390625,2.5013427734375,0.20825958251953125,1.7018051147460938,0.20951080322265625,0.27208709716796875,0.2169036865234375,0.5059738159179688,7.601280212402344,1.4427566528320313,6.526603698730469,1.8649749755859375,0.261199951171875,1.20068359375,0.2648468017578125,17089679360,11274289152,6792597504,0
200,1738831654606,3397.240951538086,3200,1,0.9875,63518.71115112305,3200,3200,3200,3200,3200,3200,3200,3200,3200,3200,3200,3200,3200,3200,3200,3200,37.08351516723633,1.1651687622070313,20.349876403808594,1.26544189453125,26.18750762939453,0.3221588134765625,10.278556823730469,4.0195465087890625,3.99432373046875,78.93295288085938,43.309898376464844,21.678390502929688,40.44325256347656,0.7912673950195313,37.373443603515625,3.1284637451171875,17089679360,11274289152,6809522176,0
200,1738831654807,3155.126922607422,3200,1,0.9875,63524.13442993164,3200,3200,3200,3200,3200,3200,3200,3200,3200,3200,3200,3200,3200,3200,3200,3200,67.76163482666016,2.2481918334960938,38.02236557006836,0.7119140625,11.922706604003906,1.580078125,4.78033447265625,6.363365173339844,1.792633056640625,89.92402648925781,38.494625091552734,40.50565719604492,50.49153518676758,0.62310791015625,32.58136749267578,2.6230926513671875,17089679360,11274289152,6832779264,0
200,1738831655008,3397.917190551758,3200,1,0.9875,63529.24850463867,3200,3200,3200,3200,3200,3200,3200,3200,3200,3200,3200,3200,3200,3200,3200,3200,36.7020263671875,8.507316589355469,13.727752685546875,2.3318252563476563,30.293869018554688,4.406425476074219,12.897254943847656,9.39666748046875,5.776130676269531,81.50626373291016,19.858436584472656,47.24547576904297,34.77361297607422,0.8795547485351563,31.355445861816406,6.9089508056640625,17089679360,11274289152,6846373888,0
199,1738831655209,5258.896911621094,3200,1,1.0375,63533.400466918945,3200,3200,3200,3200,3200,3200,3200,3200,3200,3200,3200,3200,3200,3200,3200,3200,6.31072998046875,38.14930725097656,14.723533630371094,0.14707183837890625,11.108573913574219,9.114967346191406,11.858558654785156,6.1207427978515625,3.5884170532226563,68.7248764038086,27.028915405273438,2.5186538696289063,9.1602783203125,0.2014007568359375,2.751007080078125,12.053703308105469,17089679360,11274289152,6903947264,0
200,1738831655409,5259.001953125,3200,1,0.99375,63537.1374206543,3200,3200,3200,3200,3200,3200,3200,3200,3200,3200,3200,3200,3200,3200,3200,3200,12.849090576171875,2.69659423828125,5.4385528564453125,0.20732879638671875,4.530540466308594,0.15972137451171875,4.134521484375,5.313606262207031,0.4217529296875,77.02409362792969,12.716545104980469,23.78668975830078,13.538673400878906,0.1279449462890625,8.449241638183594,2.7032852172851563,17089679360,11274289152,6950641664,0
200,1738831655610,3298.152114868164,3200,1,0.9812500000000001,63541.80139160156,3200,3200,3200,3200,3200,3200,3200,3200,3200,3200,3200,3200,3200,3200,3200,3200,33.31694793701172,0.15482330322265625,13.548103332519531,6.5815887451171875,9.996139526367188,28.922157287597656,17.78205108642578,5.807121276855469,11.360305786132813,57.95033645629883,25.5411376953125,8.282371520996094,26.29570770263672,0.23880767822265625,9.072563171386719,25.759742736816406,17089679360,11274289152,6965706752,0
200,1738831655811,5259.485336303711,3200,1,0.9875,63546.09407043457,3200,3200,3200,3200,3200,3200,3200,3200,3200,3200,3200,3200,3200,3200,3200,3200,18.564476013183594,0.35521697998046875,21.87999725341797,0.1024017333984375,16.18000030517578,11.187339782714844,8.523094177246094,5.850807189941406,0.3836669921875,75.27920532226563,26.12982177734375,5.1729736328125,15.998336791992188,0.47472381591796875,17.685775756835938,8.213729858398438,17089679360,11274289152,6963814400,0
200,1738831656012,3399.0135650634766,3200,1,0.9875,63549.88851928711,3200,3200,3200,3200,3200,3200,3200,3200,3200,3200,3200,3200,3200,3200,3200,3200,13.509780883789063,0.9384994506835938,9.71185302734375,1.36700439453125,8.110122680664063,2.7805252075195313,5.2304534912109375,5.200050354003906,0.8619842529296875,68.58689880371094,39.097312927246094,0.7063140869140625,8.29022216796875,0.65631103515625,3.3345489501953125,7.013618469238281,17089679360,11274289152,6962401280,0
200,1738831656213,5259.829147338867,3200,1,0.9875,63555.00704956055,3200,3200,3200,3200,3200,3200,3200,3200,3200,3200,3200,3200,3200,3200,3200,3200,23.255035400390625,5.4832611083984375,13.612533569335938,1.0866622924804688,13.919593811035156,25.961685180664063,8.062553405761719,9.074989318847656,6.895393371582031,45.96464157104492,65.468994140625,2.7192916870117188,44.24758529663086,0.8837738037109375,14.227455139160156,10.618766784667969,17089679360,11274289152,6973898752,0
200,1738831656414,5259.949920654297,3200,1,0.99375,63559.135009765625,3200,3200,3200,3200,3200,3200,3200,3200,3200,3200,3200,3200,3200,3200,3200,3200,26.887985229492188,1.7643966674804688,7.559165954589844,0.05358123779296875,7.316429138183594,0.19586944580078125,1.7413558959960938,5.012428283691406,1.4677734375,66.08946228027344,40.077354431152344,0.5738372802734375,17.725868225097656,0.3750762939453125,5.5751190185546875,10.8175048828125,17089679360,11274289152,6969462784,0
200,1738831656615,3157.3182067871094,3200,1,0.9875,63563.320053100586,3200,3200,3200,3200,3200,3200,3200,3200,3200,3200,3200,3200,3200,3200,3200,3200,11.366973876953125,0.607513427734375,13.403793334960938,0.9580612182617188,2.9343338012695313,25.756446838378906,6.104728698730469,6.7085113525390625,14.159515380859375,64.80349731445313,33.322669982910156,1.2949752807617188,15.124496459960938,0.26920318603515625,11.570159912109375,7.346473693847656,17089679360,11274289152,6974849024,0
200,1738831656816,5260.223983764648,3200,1,0.99375,63567.47425842285,3200,3200,3200,3200,3200,3200,3200,3200,3200,3200,3200,3200,3200,3200,3200,3200,30.590194702148438,0.7850265502929688,4.992591857910156,0.21796417236328125,1.3060226440429688,3.6749343872070313,3.250701904296875,7.125480651855469,0.5821914672851563,72.44001007080078,56.694759368896484,1.8577117919921875,18.872268676757813,0.6549758911132813,3.3579635620117188,5.653892517089844,17089679360,11274289152,6964707328,0
200,1738831657017,5260.325332641602,3200,1,0.9875,63571.46337890625,3200,3200,3200,3200,3200,3200,3200,3200,3200,3200,3200,3200,3200,3200,3200,3200,22.377639770507813,0.43218231201171875,3.9339218139648438,0,3.4332351684570313,0.08721160888671875,2.2321548461914063,4.3378448486328125,0.47512054443359375,88.54737854003906,27.470596313476563,7.826057434082031,10.34686279296875,16.20026397705078,4.234367370605469,2.9345855712890625,17089679360,11274289152,6978404352,0
200,1738831657218,5260.50471496582,3200,1,1,63576.147216796875,3200,3200,3200,3200,3200,3200,3200,3200,3200,3200,3200,3200,3200,3200,3200,3200,50.33912658691406,0.9499969482421875,13.59814453125,0.5679092407226563,5.24932861328125,29.77533721923828,4.8774871826171875,6.874794006347656,6.643455505371094,50.57131576538086,49.089134216308594,6.54962158203125,34.38690948486328,3.82122802734375,13.636360168457031,9.418014526367188,17089679360,11274289152,6964715520,0
200,1738831657419,5260.624725341797,3200,1,0.9875,63579.93452453613,3200,3200,3200,3200,3200,3200,3200,3200,3200,3200,3200,3200,3200,3200,3200,3200,23.28095245361328,0.4781494140625,7.497703552246094,0.049896240234375,6.1094970703125,0.20455169677734375,3.9072036743164063,6.01605224609375,0.32794952392578125,60.01139831542969,29.172996520996094,10.430496215820313,10.814453125,0.15795135498046875,13.203598022460938,2.7802505493164063,17089679360,11274289152,6981918720,0
200,1738831657620,3400.6190032958984,3200,1,0.9875,63584.028869628906,3200,3200,3200,3200,3200,3200,3200,3200,3200,3200,3200,3200,3200,3200,3200,3200,14.319061279296875,0.43527984619140625,9.743949890136719,0.2927398681640625,1.7650375366210938,24.559188842773438,4.28704833984375,5.558647155761719,1.3206558227539063,51.278690338134766,60.46502685546875,0.1143798828125,11.11993408203125,0.19358062744140625,11.840484619140625,6.361640930175781,17089679360,11274289152,6981038080,0
200,1738831657821,3158.7606506347656,3200,1,0.9875,63588.044998168945,3200,3200,3200,3200,3200,3200,3200,3200,3200,3200,3200,3200,3200,3200,3200,3200,13.133377075195313,0.27930450439453125,6.191322326660156,0.5268630981445313,4.830726623535156,5.439231872558594,1.12188720703125,7.049873352050781,0.5799942016601563,77.45377349853516,44.90867614746094,0.26099395751953125,10.338912963867188,0.2996978759765625,1.3433761596679688,6.392066955566406,17089679360,11274289152,6979616768,0
199,1738831658022,5260.987747192383,3200,1,0.99375,63591.899642944336,3200,3200,3200,3200,3200,3200,3200,3200,3200,3200,3200,3200,3200,3200,3200,3200,10.374282836914063,0.4041290283203125,4.708534240722656,0.3126373291015625,2.1876220703125,0.5216445922851563,1.2508544921875,5.119873046875,0.76483154296875,83.55360412597656,55.72838592529297,0.7553253173828125,7.6899871826171875,0.5046768188476563,6.723365783691406,3.0123062133789063,17089679360,11274289152,6970503168,0
200,1738831658222,5261.167419433594,3200,1,0.9875,63595.86851501465,3200,3200,3200,3200,3200,3200,3200,3200,3200,3200,3200,3200,3200,3200,3200,3200,8.520469665527344,0.37789154052734375,14.952621459960938,1.14093017578125,5.224739074707031,26.13219451904297,4.791107177734375,6.168922424316406,1.2216110229492188,55.5543212890625,40.28573989868164,2.485107421875,6.144584655761719,0.359100341796875,7.151603698730469,8.834831237792969,17089679360,11274289152,6970122240,0
200,1738831658423,5261.289978027344,3200,1,0.99375,63599.35997009277,3200,3200,3200,3200,3200,3200,3200,3200,3200,3200,3200,3200,3200,3200,3200,3200,9.320953369140625,0.05883026123046875,8.176139831542969,0.028167724609375,3.8062896728515625,2.1205215454101563,0.08281707763671875,4.821159362792969,0.31708526611328125,80.17081451416016,20.32659149169922,0.094512939453125,6.173027038574219,0.0994873046875,1.4570770263671875,3.1866531372070313,17089679360,11274289152,6969876480,0
200,1738831658624,5261.441925048828,3200,1,0.9875,63603.22215270996,3200,3200,3200,3200,3200,3200,3200,3200,3200,3200,3200,3200,3200,3200,3200,3200,13.935501098632813,0.3701019287109375,9.540618896484375,0.4864654541015625,6.115287780761719,13.781867980957031,10.253799438476563,5.241203308105469,1.4915924072265625,62.819576263427734,28.49517822265625,1.1484603881835938,12.161766052246094,0.23920440673828125,13.052963256835938,6.248420715332031,17089679360,11274289152,6980317184,0
200,1738831658825,5261.5693359375,3200,1,0.99375,63606.78434753418,3200,3200,3200,3200,3200,3200,3200,3200,3200,3200,3200,3200,3200,3200,3200,3200,5.786857604980469,0,7.155998229980469,0.090545654296875,1.1993408203125,11.500984191894531,1.5469970703125,5.8936767578125,2.94439697265625,58.40636444091797,16.509544372558594,0.3138275146484375,11.202178955078125,0.0020904541015625,6.045616149902344,5.2853240966796875,17089679360,11274289152,6980767744,0
200,1738831659026,5261.712783813477,3200,1,1.00625,63610.270751953125,3200,3200,3200,3200,3200,3200,3200,3200,3200,3200,3200,3200,3200,3200,3200,3200,4.562355041503906,0,10.697257995605469,0,2.5030059814453125,0.41970062255859375,3.4529571533203125,4.521903991699219,0.0747528076171875,82.1976318359375,11.121360778808594,0.00839996337890625,8.915855407714844,0.044097900390625,6.10845947265625,2.7957992553710938,17089679360,11274289152,6980276224,0
200,1738831659227,5261.849655151367,3200,1,0.99375,63614.3738861084,3200,3200,3200,3200,3200,3200,3200,3200,3200,3200,3200,3200,3200,3200,3200,3200,18.739601135253906,0.2041778564453125,6.494544982910156,1.6967697143554688,6.0049896240234375,26.2269287109375,6.105934143066406,5.746978759765625,0.9873123168945313,67.6029052734375,24.606475830078125,18.35601806640625,13.38311767578125,0.23935699462890625,5.456733703613281,9.104499816894531,17089679360,11274289152,6965542912,0
200,1738831659428,5261.970031738281,3200,1,0.99375,63617.89630126953,3200,3200,3200,3200,3200,3200,3200,3200,3200,3200,3200,3200,3200,3200,3200,3200,5.4784698486328125,0.10736083984375,7.6739501953125,0.04517364501953125,2.9876174926757813,2.3411483764648438,0.8073654174804688,4.620658874511719,0.36895751953125,74.52729797363281,19.44164276123047,0.20099639892578125,12.506004333496094,0.20269012451171875,0.825225830078125,3.0950851440429688,17089679360,11274289152,6965317632,0
200,1738831659629,5262.094985961914,3200,1,0.9875,63621.63618469238,3200,3200,3200,3200,3200,3200,3200,3200,3200,3200,3200,3200,3200,3200,3200,3200,9.556892395019531,0.2540283203125,5.493309020996094,1.5755996704101563,3.9959182739257813,18.235488891601563,5.357643127441406,5.2983856201171875,2.1898193359375,55.776939392089844,38.139854431152344,0.4889984130859375,8.711479187011719,0.27213287353515625,9.779472351074219,8.240440368652344,17089679360,11274289152,6973030400,0
199,1738831659830,5262.207916259766,3200,1,0.9875,63625.394927978516,3200,3200,3200,3200,3200,3200,3200,3200,3200,3200,3200,3200,3200,3200,3200,3200,7.578857421875,0.464630126953125,4.127265930175781,1.8330612182617188,5.5654449462890625,9.939239501953125,4.220802307128906,5.815948486328125,0.573638916015625,76.1854019165039,33.184326171875,0.4075164794921875,4.405677795410156,0.44861602783203125,3.4280548095703125,6.1386871337890625,17089679360,11274289152,6967537664,0
200,1738831660030,3402.4338989257813,3200,1,0.9875,63628.888595581055,3200,3200,3200,3200,3200,3200,3200,3200,3200,3200,3200,3200,3200,3200,3200,3200,7.067848205566406,0.09033203125,7.763832092285156,1.7034759521484375,3.272216796875,0.27910614013671875,2.9169235229492188,4.775169372558594,0.2086181640625,81.58100128173828,16.678184509277344,0.1650238037109375,6.758598327636719,0.15607452392578125,0.7767257690429688,3.401092529296875,17089679360,11274289152,6966984704,0
200,1738831660231,5262.468032836914,3200,1,0.99375,63632.708587646484,3200,3200,3200,3200,3200,3200,3200,3200,3200,3200,3200,3200,3200,3200,3200,3200,6.23822021484375,0.21840667724609375,5.551017761230469,1.6799774169921875,3.2638778686523438,25.46759796142578,6.311439514160156,6.423957824707031,3.2745895385742188,56.448062896728516,40.53984069824219,0.8270645141601563,5.720664978027344,0.27120208740234375,5.204200744628906,9.152641296386719,17089679360,11274289152,6967123968,0
200,1738831660431,5262.612075805664,3200,1,0.99375,63636.38166809082,3200,3200,3200,3200,3200,3200,3200,3200,3200,3200,3200,3200,3200,3200,3200,3200,4.973823547363281,0.1267242431640625,11.330558776855469,0.10567474365234375,1.9169464111328125,2.194000244140625,5.623023986816406,5.2061767578125,0.25814056396484375,67.89369201660156,39.52992630004883,0.16838836669921875,6.50750732421875,0.217681884765625,5.2675933837890625,3.3386688232421875,17089679360,11274289152,6963687424,0
200,1738831660632,5262.732131958008,3200,1,0.9875,63640.11730957031,3200,3200,3200,3200,3200,3200,3200,3200,3200,3200,3200,3200,3200,3200,3200,3200,7.419776916503906,0.044677734375,7.370025634765625,0.17621612548828125,2.276397705078125,13.651504516601563,3.53936767578125,6.085609436035156,0.7419357299804688,67.40067291259766,29.723587036132813,0.05487823486328125,6.377601623535156,0.1518402099609375,5.1564178466796875,6.319190979003906,17089679360,11274289152,6971371520,0
200,1738831660833,3160.4752197265625,3200,1,0.9875,63643.93978881836,3200,3200,3200,3200,3200,3200,3200,3200,3200,3200,3200,3200,3200,3200,3200,3200,5.73248291015625,0.2235870361328125,4.509429931640625,0.23473358154296875,4.8896331787109375,14.635971069335938,4.366142272949219,7.08758544921875,0.8404159545898438,71.08354187011719,34.307891845703125,0.6043853759765625,15.168563842773438,0.34527587890625,3.7522506713867188,5.912040710449219,17089679360,11274289152,6963884032,0
200,1738831661034,5262.946929931641,3200,1,0.9875,63647.524154663086,3200,3200,3200,3200,3200,3200,3200,3200,3200,3200,3200,3200,3200,3200,3200,3200,7.276702880859375,0.23258209228515625,6.4691619873046875,0.16014862060546875,1.635284423828125,0.48262786865234375,5.0398406982421875,4.92327880859375,0.9644088745117188,82.43570709228516,24.49866485595703,0.226409912109375,5.404014587402344,0.29302978515625,1.2195281982421875,3.0771484375,17089679360,11274289152,6961889280,0
200,1738831661235,3403.3334197998047,3200,1,0.9875,63651.5368347168,3200,3200,3200,3200,3200,3200,3200,3200,3200,3200,3200,3200,3200,3200,3200,3200,10.598320007324219,0.26224517822265625,8.007919311523438,1.9228744506835938,1.7481918334960938,26.45410919189453,1.8871994018554688,6.250968933105469,0.7159347534179688,58.870872497558594,43.10951614379883,0.30905914306640625,24.76287841796875,0.31224822998046875,4.445259094238281,8.030754089355469,17089679360,11274289152,6970241024,0
200,1738831661436,5263.196563720703,3200,1,0.99375,63655.53332519531,3200,3200,3200,3200,3200,3200,3200,3200,3200,3200,3200,3200,3200,3200,3200,3200,10.224563598632813,0.41315460205078125,5.43438720703125,0.21099090576171875,2.2842483520507813,2.4466781616210938,2.86322021484375,4.903831481933594,1.3163299560546875,71.6625747680664,33.529518127441406,0.342620849609375,49.10580825805664,0.5839691162109375,1.270904541015625,4.2008209228515625,17089679360,11274289152,6977351680,0
200,1738831661637,5263.3055419921875,3200,1,0.9875,63659.19958496094,3200,3200,3200,3200,3200,3200,3200,3200,3200,3200,3200,3200,3200,3200,3200,3200,12.458946228027344,0.52740478515625,5.188362121582031,0.47606658935546875,3.795440673828125,10.423744201660156,3.811309814453125,5.127067565917969,1.1017837524414063,53.7437744140625,37.95042419433594,0.49138641357421875,16.72368621826172,0.468109130859375,3.4958877563476563,6.4181060791015625,17089679360,11274289152,6979457024,0
200,1738831661838,5263.428970336914,3200,1,0.99375,63663.02517700195,3200,3200,3200,3200,3200,3200,3200,3200,3200,3200,3200,3200,3200,3200,3200,3200,4.917930603027344,0.09228515625,6.145698547363281,0.5579147338867188,1.0990066528320313,19.95197296142578,4.3540496826171875,5.973854064941406,0.397064208984375,72.65008544921875,26.717369079589844,0.099700927734375,3.8832473754882813,0.2249755859375,3.58428955078125,7.971473693847656,17089679360,11274289152,6979096576,0
200,1738831662039,5263.578231811523,3200,1,0.99375,63666.63049316406,3200,3200,3200,3200,3200,3200,3200,3200,3200,3200,3200,3200,3200,3200,3200,3200,6.2382965087890625,0.28676605224609375,12.144309997558594,0.2968597412109375,2.3196792602539063,0.2577056884765625,3.7502593994140625,4.770751953125,1.534759521484375,83.88787078857422,25.719894409179688,0.9732208251953125,3.8994674682617188,0.33342742919921875,2.4755477905273438,3.0002212524414063,17089679360,11274289152,6976688128,0
200,1738831662240,5263.712005615234,3200,1,0.9875,63670.501403808594,3200,3200,3200,3200,3200,3200,3200,3200,3200,3200,3200,3200,3200,3200,3200,3200,11.367889404296875,0.23114776611328125,8.554817199707031,0.5555801391601563,0.3135833740234375,24.98046875,2.5816192626953125,5.1939849853515625,0.655029296875,61.027034759521484,37.96942138671875,0.27811431884765625,5.4971771240234375,0.29299163818359375,4.661491394042969,6.802711486816406,17089679360,11274289152,6976589824,0
199,1738831662441,5263.8309326171875,3200,1,0.9875,63674.01258850098,3200,3200,3200,3200,3200,3200,3200,3200,3200,3200,3200,3200,3200,3200,3200,3200,6.099311828613281,0.14412689208984375,7.718864440917969,0.1444244384765625,3.583831787109375,3.1505508422851563,0.21915435791015625,5.2677154541015625,0.4409942626953125,82.28495788574219,10.348220825195313,1.889404296875,8.065132141113281,0.26552581787109375,1.171142578125,5.712394714355469,17089679360,11274289152,6976348160,0
200,1738831662641,5263.942321777344,3200,1,0.99375,63677.93104553223,3200,3200,3200,3200,3200,3200,3200,3200,3200,3200,3200,3200,3200,3200,3200,3200,12.090888977050781,0.21665191650390625,4.642631530761719,0.15081787109375,8.634750366210938,0.2436981201171875,3.0927200317382813,5.711143493652344,0.62286376953125,71.33430480957031,40.340423583984375,0.46035003662109375,10.790374755859375,0.40856170654296875,6.877037048339844,9.4124755859375,17089679360,11274289152,6973870080,0
200,1738831662842,5264.099212646484,3200,1,0.99375,63682.04252624512,3200,3200,3200,3200,3200,3200,3200,3200,3200,3200,3200,3200,3200,3200,3200,3200,5.751976013183594,0.51708984375,10.352218627929688,1.5108108520507813,3.7754135131835938,29.31342315673828,4.9183349609375,7.165428161621094,0.459625244140625,59.555397033691406,48.12502670288086,0.26187896728515625,7.441383361816406,0.40325927734375,6.244781494140625,9.332328796386719,17089679360,11274289152,6970896384,0
200,1738831663043,5264.199554443359,3200,1,0.9875,63685.80628967285,3200,3200,3200,3200,3200,3200,3200,3200,3200,3200,3200,3200,3200,3200,3200,3200,9.397613525390625,0.11029815673828125,4.6468658447265625,0,1.236053466796875,0.1186065673828125,2.3214187622070313,4.370201110839844,0.17452239990234375,88.45947265625,39.72306823730469,0.14910125732421875,10.215164184570313,0.307708740234375,0.9828262329101563,2.7781829833984375,17089679360,11274289152,6968877056,0
200,1738831663244,3404.797119140625,3200,1,0.9875,63689.52424621582,3200,3200,3200,3200,3200,3200,3200,3200,3200,3200,3200,3200,3200,3200,3200,3200,9.793006896972656,0.10875701904296875,6.546134948730469,0.9289093017578125,0.25577545166015625,27.407569885253906,2.9349288940429688,5.126182556152344,0.329803466796875,67.13934326171875,27.960105895996094,0.20577239990234375,7.7696685791015625,0.2777099609375,4.347076416015625,6.571006774902344,17089679360,11274289152,6968877056,0
200,1738831663445,3404.9112243652344,3200,1,0.9875,63693.13491821289,3200,3200,3200,3200,3200,3200,3200,3200,3200,3200,3200,3200,3200,3200,3200,3200,5.321357727050781,0.2393035888671875,8.876243591308594,0.1451263427734375,1.6067733764648438,2.7284164428710938,4.435432434082031,5.12548828125,0.582489013671875,83.62538146972656,16.812332153320313,0.36795806884765625,6.4247894287109375,0.31830596923828125,1.169403076171875,4.919319152832031,17089679360,11274289152,6969020416,0
200,1738831663646,4034.6480560302734,3200,1,1.025,63696.73094177246,3200,3200,3200,3200,3200,3200,3200,3200,3200,3200,3200,3200,3200,3200,3200,3200,7.489250183105469,0.2104949951171875,2.8537521362304688,0.20318603515625,1.9259796142578125,0.3217926025390625,3.1016082763671875,4.713859558105469,0.26691436767578125,90.43695831298828,23.154762268066406,0.20999908447265625,5.307594299316406,0.5441360473632813,6.3011322021484375,2.7515106201171875,17089679360,11274289152,6977294336,0
200,1738831663847,3405.2294921875,3200,1,0.9875,63700.58183288574,3200,3200,3200,3200,3200,3200,3200,3200,3200,3200,3200,3200,3200,3200,3200,3200,5.8684234619140625,0.32849884033203125,5.176910400390625,3.079254150390625,2.9145126342773438,26.74504852294922,3.5893325805664063,6.573089599609375,3.890228271484375,59.16563034057617,40.87128448486328,0.41632080078125,5.378868103027344,0.3527069091796875,4.773139953613281,9.840255737304688,17089679360,11274289152,6976569344,0
200,1738831664047,5264.797760009766,3200,1,0.99375,63704.006103515625,3200,3200,3200,3200,3200,3200,3200,3200,3200,3200,3200,3200,3200,3200,3200,3200,7.76177978515625,0,5.2165985107421875,0,4.0485076904296875,0,3.5860366821289063,5.199333190917969,2.6166152954101563,72.15504455566406,20.465530395507813,0.04682159423828125,3.3516311645507813,0,1.7446746826171875,2.7780380249023438,17089679360,11274289152,6975258624,0
199,1738831664248,3405.5135650634766,3200,1,0.99375,63708.01351928711,3200,3200,3200,3200,3200,3200,3200,3200,3200,3200,3200,3200,3200,3200,3200,3200,6.156646728515625,0.2350006103515625,6.184242248535156,0.5340499877929688,4.420143127441406,23.257675170898438,6.802543640136719,5.385292053222656,0.2648468017578125,68.42123413085938,32.41777038574219,17.995384216308594,12.075035095214844,0.5681991577148438,4.957794189453125,6.994544982910156,17089679360,11274289152,6966890496,0
200,1738831664448,5454.027236938477,3200,1,1,63710.94737243652,3200,3200,3200,3200,3200,3200,3200,3200,3200,3200,3200,3200,3200,3200,3200,3200,10.086830139160156,0.250946044921875,2.8118057250976563,1.0049896240234375,1.3412704467773438,3.4466781616210938,0.5181427001953125,3.96826171875,3.1755828857421875,26.406593322753906,8.144233703613281,0.245697021484375,3.0771026611328125,0.233001708984375,1.1610565185546875,5.074378967285156,17089679360,11274289152,6966427648,0
200,1738831664648,5265.116287231445,3200,1,0.99375,63714.18731689453,3200,3200,3200,3200,3200,3200,3200,3200,3200,3200,3200,3200,3200,3200,3200,3200,7.5510711669921875,0.1320343017578125,5.62115478515625,0.05815887451171875,3.0478439331054688,0.10916900634765625,0.219390869140625,3.7450103759765625,0.30240631103515625,65.20489501953125,16.142494201660156,0.12799072265625,3.5022506713867188,0.06884002685546875,6.1161041259765625,2.2761001586914063,17089679360,11274289152,6976385024,0
200,1738831664849,5265.245819091797,3200,1,0.99375,63718.05894470215,3200,3200,3200,3200,3200,3200,3200,3200,3200,3200,3200,3200,3200,3200,3200,3200,5.4372100830078125,0,6.135414123535156,0.4623870849609375,1.0291976928710938,27.106712341308594,6.6672515869140625,5.894020080566406,2.679779052734375,62.32677459716797,36.9216423034668,0,6.108848571777344,0,4.870353698730469,10.222587585449219,17089679360,11274289152,6976028672,0
200,1738831665050,5265.36311340332,3200,1,0.99375,63721.49366760254,3200,3200,3200,3200,3200,3200,3200,3200,3200,3200,3200,3200,3200,3200,3200,3200,5.4578399658203125,0,7.507331848144531,0,7.896232604980469,0,3.5700912475585938,4.911491394042969,0.113800048828125,81.69639587402344,12.26861572265625,0.5676956176757813,4.745185852050781,0,0.6715469360351563,3.062591552734375,17089679360,11274289152,6975528960,0
200,1738831665251,5265.48844909668,3200,1,0.9875,63725.567138671875,3200,3200,3200,3200,3200,3200,3200,3200,3200,3200,3200,3200,3200,3200,3200,3200,18.315269470214844,0.06512451171875,6.830589294433594,0.8600387573242188,2.4602813720703125,22.988510131835938,6.062782287597656,5.858406066894531,2.53863525390625,53.938846588134766,42.39128494262695,0.1239776611328125,24.768592834472656,0.11357879638671875,5.802734375,6.65496826171875,17089679360,11274289152,6973460480,0
200,1738831665452,5456.888610839844,3200,1,1,63728.838119506836,3200,3200,3200,3200,3200,3200,3200,3200,3200,3200,3200,3200,3200,3200,3200,3200,7.4958038330078125,0.13885498046875,2.789398193359375,0.0836944580078125,0.6365585327148438,3.240020751953125,2.5096359252929688,5.692436218261719,2.736297607421875,50.591529846191406,15.764816284179688,0.0902099609375,9.440383911132813,0.12481689453125,0.58551025390625,5.128387451171875,17089679360,11274289152,6972243968,0
200,1738831665652,3163.1332244873047,3200,1,0.9875,63731.32441711426,3200,3200,3200,3200,3200,3200,3200,3200,3200,3200,3200,3200,3200,3200,3200,3200,1.6978225708007813,0.212615966796875,3.67388916015625,0,0.554351806640625,0.05879974365234375,0,0.774200439453125,0.2902679443359375,9.481948852539063,3.7898483276367188,0.07257080078125,4.226043701171875,0,0.917236328125,0.7600326538085938,17089679360,11274289152,6970765312,0
200,1738831665853,5265.760711669922,3200,1,0.9875,63735.27685546875,3200,3200,3200,3200,3200,3200,3200,3200,3200,3200,3200,3200,3200,3200,3200,3200,7.1964111328125,2.8504409790039063,7.783073425292969,0.7714920043945313,1.5535430908203125,27.664459228515625,5.214630126953125,6.8224639892578125,0.6569900512695313,57.879920959472656,40.637855529785156,0.28354644775390625,11.010749816894531,0.20415496826171875,9.921737670898438,8.9498291015625,17089679360,11274289152,6975266816,0
200,1738831666054,3163.3444213867188,3200,1,1.01875,63738.71562194824,3200,3200,3200,3200,3200,3200,3200,3200,3200,3200,3200,3200,3200,3200,3200,3200,6.349693298339844,0.23777008056640625,1.8516311645507813,0.1596527099609375,1.3990859985351563,0.9862899780273438,5.194145202636719,4.881103515625,0.4232940673828125,80.42912292480469,15.8460693359375,0.48772430419921875,9.357917785644531,0.30597686767578125,1.961334228515625,2.8585662841796875,17089679360,11274289152,6975868928,0
200,1738831666255,3406.8624114990234,3200,1,0.9875,63742.4793548584,3200,3200,3200,3200,3200,3200,3200,3200,3200,3200,3200,3200,3200,3200,3200,3200,5.119194030761719,0.2343292236328125,4.6730804443359375,0.23895263671875,0.4517822265625,24.41179656982422,5.150634765625,4.426811218261719,0.5261154174804688,71.3174057006836,26.177200317382813,0.21014404296875,7.4315032958984375,0.166717529296875,5.134712219238281,6.329231262207031,17089679360,11274289152,6975500288,0
200,1738831666455,5266.0662841796875,3200,1,1.0125000000000002,63746.01443481445,3200,3200,3200,3200,3200,3200,3200,3200,3200,3200,3200,3200,3200,3200,3200,3200,5.133338928222656,0.01920318603515625,4.9557647705078125,0.15425872802734375,1.7544403076171875,3.6341171264648438,6.097938537597656,5.6526641845703125,0.14633941650390625,81.53778076171875,15.167495727539063,5.72991943359375,5.340232849121094,0.0647735595703125,0.5925216674804688,5.7369384765625,17089679360,11274289152,6975307776,0
199,1738831666656,5266.174133300781,3200,1,0.99375,63749.426849365234,3200,3200,3200,3200,3200,3200,3200,3200,3200,3200,3200,3200,3200,3200,3200,3200,6.343269348144531,0.123779296875,5.443870544433594,1.1282577514648438,2.7127838134765625,0.22223663330078125,3.3161163330078125,4.900291442871094,0.31378173828125,86.91624450683594,8.382171630859375,0.133331298828125,7.001823425292969,0.11756134033203125,0.9589004516601563,3.059295654296875,17089679360,11274289152,6974382080,0
200,1738831666857,5266.321517944336,3200,1,0.9875,63753.30625915527,3200,3200,3200,3200,3200,3200,3200,3200,3200,3200,3200,3200,3200,3200,3200,3200,11.681716918945313,0.18773651123046875,8.098777770996094,2.2624664306640625,0.5208053588867188,25.46424102783203,5.564094543457031,5.921539306640625,0.6003875732421875,57.236690521240234,35.599281311035156,1.2616729736328125,12.10595703125,0.10800933837890625,10.214019775390625,8.577369689941406,17089679360,11274289152,6971420672,0
200,1738831667058,5266.432266235352,3200,1,0.99375,63756.76719665527,3200,3200,3200,3200,3200,3200,3200,3200,3200,3200,3200,3200,3200,3200,3200,3200,7.7882080078125,0.317413330078125,6.252166748046875,0.28806304931640625,4.085273742675781,2.3297348022460938,1.0760345458984375,4.584983825683594,0.49866485595703125,75.86759948730469,20.16314697265625,0.36328887939453125,4.4659271240234375,0.6011505126953125,0.6604080200195313,3.4034271240234375,17089679360,11274289152,6971539456,0
200,1738831667259,5266.56819152832,3200,1,0.9875,63760.40234375,3200,3200,3200,3200,3200,3200,3200,3200,3200,3200,3200,3200,3200,3200,3200,3200,4.821876525878906,0.11606597900390625,8.444358825683594,1.3306427001953125,3.4464111328125,20.196762084960938,1.51611328125,5.091827392578125,0.226165771484375,64.45774841308594,32.40374755859375,0.202484130859375,4.033668518066406,0.12631988525390625,4.203575134277344,6.356903076171875,17089679360,11274289152,6972157952,0
200,1738831667460,3164.0741119384766,3200,1,0.9875,63764.028717041016,3200,3200,3200,3200,3200,3200,3200,3200,3200,3200,3200,3200,3200,3200,3200,3200,5.6487274169921875,2.3485488891601563,5.450920104980469,1.3568801879882813,1.6012039184570313,8.779991149902344,1.1596221923828125,5.221366882324219,0.1864166259765625,77.87340545654297,23.036827087402344,0.003631591796875,6.545616149902344,0.02875518798828125,0.909881591796875,6.166572570800781,17089679360,11274289152,6971514880,0
200,1738831667661,2905.8446502685547,3200,1,0.9875,63767.73435974121,3200,3200,3200,3200,3200,3200,3200,3200,3200,3200,3200,3200,3200,3200,3200,3200,8.701385498046875,0.30554962158203125,4.360466003417969,0,2.6190109252929688,0.3280029296875,0.49480438232421875,4.744270324707031,0.09165191650390625,83.56187438964844,37.78596878051758,0.05664825439453125,7.610832214355469,0.0818023681640625,0.3561553955078125,2.9299163818359375,17089679360,11274289152,6966370304,0
200,1738831667862,3407.9896087646484,3200,1,0.99375,63772.51622009277,3200,3200,3200,3200,3200,3200,3200,3200,3200,3200,3200,3200,3200,3200,3200,3200,17.99028778076172,0.366912841796875,8.625419616699219,2.9575119018554688,2.1538772583007813,26.855606079101563,5.92059326171875,6.489845275878906,1.5433349609375,56.35818099975586,67.10797119140625,0.330596923828125,68.36463928222656,0.4023895263671875,10.526710510253906,8.320793151855469,17089679360,11274289152,6972788736,0
200,1738831668063,3164.483871459961,3200,1,0.9875,63776.30628967285,3200,3200,3200,3200,3200,3200,3200,3200,3200,3200,3200,3200,3200,3200,3200,3200,5.7291412353515625,0.20104217529296875,3.7148818969726563,1.4580917358398438,2.0735092163085938,2.3100738525390625,3.0850372314453125,4.68621826171875,0.41551971435546875,68.66513061523438,37.34101486206055,5.878044128417969,12.38165283203125,0.2481536865234375,0.754669189453125,3.214691162109375,17089679360,11274289152,6972526592,0
200,1738831668264,3408.2650299072266,3200,1,0.9875,63780.25500488281,3200,3200,3200,3200,3200,3200,3200,3200,3200,3200,3200,3200,3200,3200,3200,3200,6.0699615478515625,0.01373291015625,8.231979370117188,0.6915512084960938,3.60919189453125,21.688385009765625,4.8540802001953125,5.036224365234375,2.7094802856445313,67.357666015625,42.891544342041016,0.140899658203125,5.971900939941406,0.12577056884765625,5.7567291259765625,5.999114990234375,17089679360,11274289152,6969384960,0
200,1738831668464,2907.7454223632813,3200,1,0.99375,63783.9153137207,3200,3200,3200,3200,3200,3200,3200,3200,3200,3200,3200,3200,3200,3200,3200,3200,8.970321655273438,0,6.372642517089844,0,2.1522064208984375,6.838783264160156,0.9531097412109375,5.7921600341796875,0.3735809326171875,59.089256286621094,46.54521179199219,0,12.616142272949219,0,4.904022216796875,4.984443664550781,17089679360,11274289152,6969049088,0
200,1738831668665,5267.436599731445,3200,1,0.99375,63787.38261413574,3200,3200,3200,3200,3200,3200,3200,3200,3200,3200,3200,3200,3200,3200,3200,3200,7.165443420410156,0.22879791259765625,5.227012634277344,0.1412353515625,3.3358383178710938,0.30043792724609375,4.642608642578125,5.0253753662109375,0.35724639892578125,84.9045639038086,11.938941955566406,0.6133575439453125,3.4640960693359375,0.2244720458984375,0.8179779052734375,3.1631088256835938,17089679360,11274289152,6968340480,0
200,1738831668866,5267.577362060547,3200,1,0.99375,63791.470764160156,3200,3200,3200,3200,3200,3200,3200,3200,3200,3200,3200,3200,3200,3200,3200,3200,7.571281433105469,1.3823928833007813,8.992279052734375,1.0867233276367188,2.4122467041015625,26.31817626953125,6.612419128417969,5.737785339355469,0.86090087890625,61.56544876098633,38.04121398925781,0.45099639892578125,22.530197143554688,0.44084930419921875,9.755615234375,9.60223388671875,17089679360,11274289152,6973349888,0
200,1738831669067,5267.699783325195,3200,1,0.9875,63794.963150024414,3200,3200,3200,3200,3200,3200,3200,3200,3200,3200,3200,3200,3200,3200,3200,3200,5.0901947021484375,0.05527496337890625,7.957733154296875,0.0015411376953125,1.621429443359375,2.1650543212890625,4.459358215332031,4.9736328125,0.290740966796875,78.46453857421875,14.667320251464844,0.20621490478515625,7.6956939697265625,0.14830780029296875,0.5829315185546875,3.2895660400390625,17089679360,11274289152,6973452288,0
200,1738831669268,3408.968719482422,3200,1,0.9875,63798.73513793945,3200,3200,3200,3200,3200,3200,3200,3200,3200,3200,3200,3200,3200,3200,3200,3200,5.4306488037109375,0.4610443115234375,6.420402526855469,0.20154571533203125,2.0634384155273438,11.360206604003906,2.8263702392578125,4.6431884765625,0.19945526123046875,70.1423568725586,25.140869140625,17.954200744628906,7.5774688720703125,0.1149749755859375,3.18194580078125,5.995429992675781,17089679360,11274289152,6970961920,0
200,1738831669468,3409.1416015625,3200,1,0.99375,63802.528900146484,3200,3200,3200,3200,3200,3200,3200,3200,3200,3200,3200,3200,3200,3200,3200,3200,11.749778747558594,0.28617095947265625,6.1722259521484375,0.7755966186523438,2.99395751953125,14.888710021972656,6.118431091308594,6.21380615234375,0.6971282958984375,63.295989990234375,36.70834732055664,2.5623092651367188,5.3631744384765625,0.3661346435546875,5.1477508544921875,8.043792724609375,17089679360,11274289152,6966222848,0
200,1738831669669,5268.037048339844,3200,1,0.99375,63806.02326965332,3200,3200,3200,3200,3200,3200,3200,3200,3200,3200,3200,3200,3200,3200,3200,3200,6.707550048828125,0.3101959228515625,3.4379501342773438,0.18845367431640625,0.9468536376953125,0.47666168212890625,3.5737228393554688,4.6356964111328125,0.4166107177734375,87.5483169555664,13.247291564941406,0.44725799560546875,4.9546966552734375,0.41347503662109375,0.9038619995117188,3.0376129150390625,17089679360,11274289152,6965288960,0
200,1738831669870,4040.266799926758,3200,1,0.9812500000000001,63812.29917907715,3200,3200,3200,3200,3200,3200,3200,3200,3200,3200,3200,3200,3200,3200,3200,3200,59.56515121459961,11.325790405273438,50.536163330078125,16.525360107421875,28.02216339111328,33.07091522216797,33.84270477294922,35.468162536621094,41.23256301879883,56.02995300292969,63.052799224853516,13.707038879394531,49.444427490234375,25.452964782714844,40.98540496826172,30.456146240234375,17089679360,11274289152,6991671296,0
200,1738831670071,4040.980926513672,3200,1,0.9812500000000001,63819.24653625488,3200,3200,3200,3200,3200,3200,3200,3200,3200,3200,3200,3200,3200,3200,3200,3200,53.28462219238281,26.042617797851563,51.916831970214844,34.158531188964844,77.45925903320313,13.841072082519531,57.19232177734375,16.197784423828125,47.97453308105469,31.33294677734375,60.77710723876953,15.040130615234375,59.81077194213867,8.946243286132813,37.981109619140625,44.70852279663086,17089679360,11274289152,7054389248,0
200,1738831670272,3309.6002655029297,3200,1,0.9812500000000001,63825.8366394043,3200,3200,3200,3200,3200,3200,3200,3200,3200,3200,3200,3200,3200,3200,3200,3200,64.63313293457031,21.126998901367188,76.86491394042969,22.280517578125,61.96031188964844,33.69654083251953,67.54207611083984,49.95284652709961,52.55162811279297,28.3575439453125,63.53510284423828,26.904190063476563,59.2514762878418,27.838821411132813,73.14947509765625,32.14042663574219,17089679360,11274289152,7093252096,0
200,1738831670473,4042.103759765625,3200,1,0.9875,63832.02891540527,3200,3200,3200,3200,3200,3200,3200,3200,3200,3200,3200,3200,3200,3200,3200,3200,57.675697326660156,5.052177429199219,49.171146392822266,35.90068817138672,64.51612854003906,10.110366821289063,43.852806091308594,10.149520874023438,25.65728759765625,39.37102508544922,56.548587799072266,1.6375045776367188,53.2116813659668,4.06451416015625,34.986961364746094,40.53107452392578,17089679360,11274289152,7115939840,0
200,1738831670674,5271.044845581055,3200,1,0.9812500000000001,63837.86180114746,3200,3200,3200,3200,3200,3200,3200,3200,3200,3200,3200,3200,3200,3200,3200,3200,51.768123626708984,1.9927597045898438,76.0281982421875,14.352081298828125,54.12529373168945,1.9784469604492188,33.38196563720703,11.715156555175781,18.953643798828125,42.72311782836914,57.14955520629883,2.3865280151367188,35.34343719482422,3.9403152465820313,49.75526809692383,21.835922241210938,17089679360,11274289152,7123795968,0
200,1738831670875,3310.8895721435547,3200,1,0.9875,63844.44317626953,3200,3200,3200,3200,3200,3200,3200,3200,3200,3200,3200,3200,3200,3200,3200,3200,66.9477310180664,5.977745056152344,83.71221923828125,6.893608093261719,64.39839172363281,20.526824951171875,45.42184829711914,14.357749938964844,41.57044219970703,18.77722930908203,39.0077018737793,28.647666931152344,62.32366943359375,5.930755615234375,40.04715347290039,45.21101379394531,17089679360,11274289152,7136698368,0
200,1738831671076,5272.08837890625,3200,1,0.9875,63849.82646179199,3200,3200,3200,3200,3200,3200,3200,3200,3200,3200,3200,3200,3200,3200,3200,3200,23.55865478515625,1.3644485473632813,38.40486526489258,2.133087158203125,100,0.6721267700195313,17.805152893066406,9.515785217285156,11.876853942871094,43.95134353637695,42.34295654296875,6.6611785888671875,28.658470153808594,3.3726882934570313,8.6102294921875,50.19984817504883,17089679360,11274289152,7162429440,0
200,1738831671277,4044.439895629883,3200,1,0.9812500000000001,63854.90776062012,3200,3200,3200,3200,3200,3200,3200,3200,3200,3200,3200,3200,3200,3200,3200,3200,10.367164611816406,2.2275543212890625,82.87286376953125,0.6263656616210938,39.890419006347656,0.6840744018554688,12.757949829101563,6.740119934082031,1.6664581298828125,63.73757553100586,29.931610107421875,3.2140655517578125,12.662979125976563,6.154304504394531,1.2920303344726563,82.5259017944336,17089679360,11274289152,7168266240,0
200,1738831671478,4044.918991088867,3200,1,0.9875,63860.52355957031,3200,3200,3200,3200,3200,3200,3200,3200,3200,3200,3200,3200,3200,3200,3200,3200,24.69806671142578,1.8600234985351563,57.87153244018555,1.9135055541992188,32.63024139404297,26.877037048339844,28.814224243164063,7.0800018310546875,31.221954345703125,31.084938049316406,31.923782348632813,0.6235198974609375,43.94386672973633,1.3864974975585938,7.8941650390625,59.777076721191406,17089679360,11274289152,7162339328,0
200,1738831671679,5273.390426635742,3200,1,0.9875,63865.58435058594,3200,3200,3200,3200,3200,3200,3200,3200,3200,3200,3200,3200,3200,3200,3200,3200,9.017570495605469,0.37990570068359375,12.214218139648438,1.7159194946289063,98.19722747802734,0.2008514404296875,33.023292541503906,4.655464172363281,0.5729598999023438,72.13252258300781,24.104522705078125,0.2925567626953125,4.642616271972656,0.47325897216796875,3.148590087890625,65.16098022460938,17089679360,11274289152,7177089024,0
200,1738831671880,5273.749130249023,3200,1,0.9812500000000001,63871.04731750488,3200,3200,3200,3200,3200,3200,3200,3200,3200,3200,3200,3200,3200,3200,3200,3200,33.17603302001953,0.840667724609375,37.40555953979492,0.8082122802734375,95.88107299804688,2.8558578491210938,26.76750946044922,6.884483337402344,15.352691650390625,48.88277816772461,47.759056091308594,0.5808639526367188,12.51348876953125,0.8625640869140625,6.9532318115234375,59.4462776184082,17089679360,11274289152,7176384512,0
200,1738831672081,3416.2545166015625,3200,1,0.9875,63876.397399902344,3200,3200,3200,3200,3200,3200,3200,3200,3200,3200,3200,3200,3200,3200,3200,3200,18.022293090820313,0.7927932739257813,18.095672607421875,0.5452804565429688,93.25502014160156,0.5254287719726563,5.107856750488281,7.716331481933594,2.084991455078125,49.83151626586914,46.55571746826172,0.6922454833984375,12.400352478027344,1.26593017578125,0.6622467041015625,89.1956787109375,17089679360,11274289152,7175692288,0
200,1738831672282,5274.183380126953,3200,1,0.9812500000000001,63881.64743041992,3200,3200,3200,3200,3200,3200,3200,3200,3200,3200,3200,3200,3200,3200,3200,3200,43.33051681518555,1.0383834838867188,18.19866180419922,0.5648651123046875,97.5537338256836,0.373077392578125,2.325225830078125,13.168571472167969,1.2396774291992188,73.99031066894531,36.969356536865234,0.90948486328125,5.529136657714844,11.162345886230469,1.6930465698242188,52.58872604370117,17089679360,11274289152,7179825152,0
200,1738831672483,4048.581268310547,3200,1,0.9875,63887.18249511719,3200,3200,3200,3200,3200,3200,3200,3200,3200,3200,3200,3200,3200,3200,3200,3200,15.062530517578125,0.6105575561523438,79.8476791381836,0.465606689453125,55.11176681518555,3.8034286499023438,22.19983673095703,7.1136627197265625,2.1149215698242188,59.49165725708008,33.948638916015625,5.6837005615234375,18.238601684570313,1.5235595703125,4.910392761230469,66.39530944824219,17089679360,11274289152,7171518464,0
200,1738831672684,4048.8716583251953,3200,1,0.9875,63892.47055053711,3200,3200,3200,3200,3200,3200,3200,3200,3200,3200,3200,3200,3200,3200,3200,3200,9.130630493164063,2.0301055908203125,100,0,29.50580596923828,0,8.5101318359375,7.7094268798828125,3.88946533203125,48.88827133178711,55.74474334716797,6.205970764160156,14.65350341796875,1.4149017333984375,1.3066558837890625,64.32933044433594,17089679360,11274289152,7173283840,0
200,1738831672885,5276.489059448242,3200,1,0.9875,63897.92935180664,3200,3200,3200,3200,3200,3200,3200,3200,3200,3200,3200,3200,3200,3200,3200,3200,25.316787719726563,0.33965301513671875,81.52269744873047,4.5656280517578125,32.36567687988281,18.6905517578125,38.63296127319336,5.391578674316406,5.17962646484375,60.26253128051758,38.29661178588867,0.07994842529296875,8.735801696777344,0.5074996948242188,11.726661682128906,63.862300872802734,17089679360,11274289152,7169019904,0
200,1738831673086,5276.6485595703125,3200,1,0.9875,63903.24403381348,3200,3200,3200,3200,3200,3200,3200,3200,3200,3200,3200,3200,3200,3200,3200,3200,12.311393737792969,0.45403289794921875,10.318351745605469,0.9204483032226563,90.7505111694336,9.740036010742188,5.715797424316406,8.325408935546875,3.1407623291015625,69.60594940185547,24.77557373046875,0.6503524780273438,17.416091918945313,1.7455291748046875,0.2048797607421875,96.72645568847656,17089679360,11274289152,7210676224,0
200,1738831673287,3419.8173828125,3200,1,0.9875,63908.32647705078,3200,3200,3200,3200,3200,3200,3200,3200,3200,3200,3200,3200,3200,3200,3200,3200,13.617172241210938,1.2083663940429688,65.75119018554688,0.8522415161132813,21.451393127441406,0.8673171997070313,4.6359405517578125,10.434028625488281,2.3806610107421875,59.895145416259766,35.819664001464844,0.7944793701171875,7.9363555908203125,35.532447814941406,2.8471755981445313,79.33597564697266,17089679360,11274289152,7190478848,0
200,1738831673488,5277.490768432617,3200,1,0.99375,63913.84893798828,3200,3200,3200,3200,3200,3200,3200,3200,3200,3200,3200,3200,3200,3200,3200,3200,33.68610382080078,0.7150039672851563,21.998130798339844,1.149261474609375,16.904762268066406,28.173828125,13.612930297851563,7.456886291503906,3.5511932373046875,48.87868881225586,39.112396240234375,0.8736648559570313,0.3482666015625,100,6.988273620605469,60.02577209472656,17089679360,11274289152,7188692992,0
200,1738831673689,5277.660446166992,3200,1,0.9875,63918.9842376709,3200,3200,3200,3200,3200,3200,3200,3200,3200,3200,3200,3200,3200,3200,3200,3200,7.827613830566406,0.73199462890625,9.50445556640625,3.9457321166992188,17.153167724609375,3.2643814086914063,70.81519317626953,4.815376281738281,0.9137954711914063,73.54492950439453,25.668373107910156,0.7786941528320313,7.3082122802734375,30.738800048828125,3.2246856689453125,87.05781555175781,17089679360,11274289152,7167135744,0
200,1738831673890,4051.31982421875,3200,1,0.9875,63924.40327453613,3200,3200,3200,3200,3200,3200,3200,3200,3200,3200,3200,3200,3200,3200,3200,3200,32.772422790527344,0.34029388427734375,58.51529312133789,2.7987899780273438,13.394340515136719,24.419593811035156,59.55120849609375,4.7574310302734375,10.398536682128906,37.845176696777344,48.0828742980957,1.505859375,12.358131408691406,0.8620834350585938,3.7122116088867188,87.953857421875,17089679360,11274289152,7166025728,0
200,1738831674091,5278.820831298828,3200,1,0.9875,63929.6789855957,3200,3200,3200,3200,3200,3200,3200,3200,3200,3200,3200,3200,3200,3200,3200,3200,13.742050170898438,1.3622512817382813,72.45065307617188,3.1495590209960938,33.725921630859375,1.7385025024414063,25.43354034423828,8.475379943847656,0.8649063110351563,61.10981369018555,33.51166534423828,10.762741088867188,5.4443206787109375,0.3787994384765625,2.7670059204101563,81.64268493652344,17089679360,11274289152,7169654784,0
200,1738831674292,5279.164962768555,3200,1,0.9875,63934.87925720215,3200,3200,3200,3200,3200,3200,3200,3200,3200,3200,3200,3200,3200,3200,3200,3200,30.97589111328125,0.7142562866210938,35.44883728027344,0.22174835205078125,63.27320098876953,0.31439971923828125,22.244407653808594,5.6428070068359375,25.308738708496094,44.896026611328125,19.950088500976563,20.195892333984375,17.967422485351563,0.7744064331054688,3.3908843994140625,66.88863372802734,17089679360,11274289152,7180845056,0
200,1738831674493,5279.406280517578,3200,1,0.9875,63940.22787475586,3200,3200,3200,3200,3200,3200,3200,3200,3200,3200,3200,3200,3200,3200,3200,3200,41.84986114501953,0.85821533203125,19.530960083007813,1.5911636352539063,96.44259643554688,0.070648193359375,23.763343811035156,7.016441345214844,8.185012817382813,47.193599700927734,49.3148193359375,1.3173751831054688,7.926551818847656,0.17975616455078125,8.110488891601563,64.057373046875,17089679360,11274289152,7189676032,0
200,1738831674694,5279.591979980469,3200,1,0.9875,63945.482330322266,3200,3200,3200,3200,3200,3200,3200,3200,3200,3200,3200,3200,3200,3200,3200,3200,11.244773864746094,1.0073165893554688,12.48895263671875,2.5735855102539063,100,0.6873626708984375,7.6806488037109375,8.400894165039063,3.84661865234375,72.22189331054688,24.944580078125,0.6742324829101563,5.930198669433594,0.5409927368164063,2.42437744140625,88.32522583007813,17089679360,11274289152,7204253696,0
200,1738831674895,3316.3485565185547,3200,1,0.9812500000000001,63950.807205200195,3200,3200,3200,3200,3200,3200,3200,3200,3200,3200,3200,3200,3200,3200,3200,3200,32.70397186279297,0.44449615478515625,49.61772537231445,2.2800369262695313,46.992591857910156,20.31688690185547,20.896583557128906,6.40716552734375,12.589080810546875,50.62057113647461,41.8465690612793,0.2337493896484375,5.050270080566406,0.6268463134765625,32.217674255371094,66.9746322631836,17089679360,11274289152,7187046400,0
200,1738831675096,5280.281188964844,3200,1,0.9875,63956.15776062012,3200,3200,3200,3200,3200,3200,3200,3200,3200,3200,3200,3200,3200,3200,3200,3200,37.062408447265625,1.2544708251953125,21.131668090820313,2.5257110595703125,42.58258819580078,9.564491271972656,6.4328155517578125,7.7344512939453125,61.86272048950195,26.242645263671875,48.689781188964844,0.497711181640625,7.458229064941406,0.9580078125,1.1920852661132813,81.00250244140625,17089679360,11274289152,7163228160,0
200,1738831675297,4055.1683654785156,3200,1,0.9875,63961.19639587402,3200,3200,3200,3200,3200,3200,3200,3200,3200,3200,3200,3200,3200,3200,3200,3200,10.466812133789063,0.6924057006835938,90.873046875,0.32434844970703125,46.374629974365234,0.3590545654296875,41.663551330566406,4.9949798583984375,1.4720611572265625,55.57553482055664,42.93695831298828,0.4945526123046875,4.7521820068359375,0.9377059936523438,21.404624938964844,13.009475708007813,17089679360,11274289152,7167750144,0
200,1738831675498,4055.7452545166016,3200,1,0.9875,63966.718170166016,3200,3200,3200,3200,3200,3200,3200,3200,3200,3200,3200,3200,3200,3200,3200,3200,29.903038024902344,1.3507003784179688,58.63572692871094,1.553253173828125,53.828060150146484,20.90966033935547,23.722923278808594,8.252326965332031,4.1530609130859375,44.48463439941406,47.027042388916016,0.1455535888671875,25.305572509765625,0.31349945068359375,6.122718811035156,77.43858337402344,17089679360,11274289152,7158374400,0
200,1738831675699,3427.2566986083984,3200,1,0.9875,63971.110931396484,3200,3200,3200,3200,3200,3200,3200,3200,3200,3200,3200,3200,3200,3200,3200,3200,5.110565185546875,0.6118927001953125,19.458961486816406,1.7661209106445313,70.45712280273438,2.6842880249023438,23.55883026123047,2.3051834106445313,0.5782089233398438,9.473457336425781,4.5703125,5.933052062988281,1.7389068603515625,2.6540908813476563,0.3792572021484375,85.40751647949219,17089679360,11274289152,7175385088,0
200,1738831675900,3427.5267028808594,3200,1,0.9875,63975.70147705078,3200,3200,3200,3200,3200,3200,3200,3200,3200,3200,3200,3200,3200,3200,3200,3200,21.443923950195313,0.9860382080078125,95.8396987915039,1.1170806884765625,70.7403793334961,17.65015411376953,16.467483520507813,2.767425537109375,9.076042175292969,6.086738586425781,10.856590270996094,0.5305938720703125,2.3122787475585938,0.59930419921875,19.62926483154297,8.701240539550781,17089679360,11274289152,7180513280,0
200,1738831676101,3427.7195587158203,3200,1,0.9812500000000001,63980.61215209961,3200,3200,3200,3200,3200,3200,3200,3200,3200,3200,3200,3200,3200,3200,3200,3200,13.605415344238281,24.25341796875,77.9205322265625,0.32904815673828125,66.57263946533203,4.008842468261719,34.404266357421875,5.251564025878906,2.8115997314453125,45.577728271484375,23.449951171875,0.3627777099609375,11.881065368652344,0.4930267333984375,8.590415954589844,7.157402038574219,17089679360,11274289152,7210237952,0
200,1738831676302,5283.599060058594,3200,1,0.9875,63985.991638183594,3200,3200,3200,3200,3200,3200,3200,3200,3200,3200,3200,3200,3200,3200,3200,3200,9.006072998046875,3.3905029296875,79.59383392333984,1.8309249877929688,54.2816162109375,0.9871826171875,26.255470275878906,6.907928466796875,1.541717529296875,71.49832153320313,38.43348693847656,1.4682846069335938,11.612686157226563,0.972503662109375,4.2144012451171875,46.6273078918457,17089679360,11274289152,7156461568,0
200,1738831676503,5283.951461791992,3200,1,0.9875,63991.38879394531,3200,3200,3200,3200,3200,3200,3200,3200,3200,3200,3200,3200,3200,3200,3200,3200,19.319618225097656,1.2840499877929688,35.43553924560547,3.0721511840820313,10.52606201171875,23.101722717285156,23.24457550048828,6.961158752441406,2.2357559204101563,43.7497444152832,47.34609603881836,0.7584991455078125,67.51851654052734,0.684600830078125,0.8879470825195313,97.46229553222656,17089679360,11274289152,7161925632,0
200,1738831676704,5284.393371582031,3200,1,0.9875,63996.54220581055,3200,3200,3200,3200,3200,3200,3200,3200,3200,3200,3200,3200,3200,3200,3200,3200,10.595542907714844,0.463409423828125,50.28795623779297,0.7405853271484375,45.75941848754883,1.1624755859375,10.545806884765625,6.778465270996094,4.015899658203125,65.01040649414063,30.25965118408203,1.4827651977539063,8.970901489257813,0.22769927978515625,0.296295166015625,97.80243682861328,17089679360,11274289152,7171342336,0
200,1738831676905,3430.3882904052734,3200,1,0.9875,64001.894454956055,3200,3200,3200,3200,3200,3200,3200,3200,3200,3200,3200,3200,3200,3200,3200,3200,30.536521911621094,5.614738464355469,30.82477569580078,0.9182510375976563,71.87033081054688,10.627342224121094,37.149261474609375,4.5870819091796875,4.301811218261719,61.36149215698242,36.79289627075195,0.25457763671875,15.038162231445313,0.21651458740234375,10.081573486328125,60.51020431518555,17089679360,11274289152,7177355264,0
200,1738831677106,3431.0225982666016,3200,1,0.9875,64007.15196228027,3200,3200,3200,3200,3200,3200,3200,3200,3200,3200,3200,3200,3200,3200,3200,3200,18.981773376464844,0.8066940307617188,47.68235778808594,0.27484893798828125,71.49336242675781,8.249069213867188,20.543670654296875,8.727867126464844,4.4645843505859375,59.63956069946289,39.44769287109375,6.02532958984375,6.9035186767578125,0.31099700927734375,11.514602661132813,69.63032531738281,17089679360,11274289152,7181983744,0
200,1738831677307,5285.538955688477,3200,1,0.9875,64012.30528259277,3200,3200,3200,3200,3200,3200,3200,3200,3200,3200,3200,3200,3200,3200,3200,3200,7.5467071533203125,0.6177139282226563,50.22251510620117,0.4827423095703125,68.37664031982422,0.600006103515625,7.859199523925781,7.200584411621094,1.1812515258789063,63.43397903442383,36.06049728393555,0.6284637451171875,5.334754943847656,0.5394058227539063,0.763885498046875,82.12811279296875,17089679360,11274289152,7186305024,0
200,1738831677508,4061.3870697021484,3200,1,0.9875,64017.63087463379,3200,3200,3200,3200,3200,3200,3200,3200,3200,3200,3200,3200,3200,3200,3200,3200,17.69664764404297,0.05065155029296875,29.10541534423828,0.19034576416015625,89.37397766113281,0.862945556640625,30.11560821533203,6.850982666015625,5.139533996582031,58.22002410888672,40.839927673339844,0,8.456275939941406,0.0128021240234375,1.7878952026367188,89.02928161621094,17089679360,11274289152,7190786048,0
200,1738831677709,4061.764846801758,3200,1,0.9875,64022.69140625,3200,3200,3200,3200,3200,3200,3200,3200,3200,3200,3200,3200,3200,3200,3200,3200,9.821357727050781,1.0093536376953125,73.8358383178711,26.893310546875,43.523521423339844,0.6079483032226563,10.902206420898438,7.139900207519531,3.7970046997070313,58.25802993774414,14.097557067871094,0.37454986572265625,4.916404724121094,0.14244842529296875,3.8005523681640625,55.34562683105469,17089679360,11274289152,7166054400,0
200,1738831677910,4062.0850677490234,3200,1,0.9812500000000001,64027.32466125488,3200,3200,3200,3200,3200,3200,3200,3200,3200,3200,3200,3200,3200,3200,3200,3200,24.762611389160156,2.1790924072265625,91.27050018310547,0.470489501953125,30.23480224609375,6.742485046386719,13.18011474609375,1.0182113647460938,3.618194580078125,11.432052612304688,2.8927536010742188,3.0375518798828125,2.1595916748046875,3.2694854736328125,2.0867691040039063,74.395263671875,17089679360,11274289152,7162449920,0
200,1738831678111,3433.9519653320313,3200,1,0.9875,64032.93476867676,3200,3200,3200,3200,3200,3200,3200,3200,3200,3200,3200,3200,3200,3200,3200,3200,16.905799865722656,2.9093246459960938,56.116539001464844,0.47965240478515625,41.53846740722656,24.22112274169922,49.95365524291992,7.222343444824219,5.283027648925781,47.463836669921875,37.808990478515625,3.67938232421875,58.18948745727539,0.5995101928710938,11.929092407226563,62.105140686035156,17089679360,11274289152,7210471424,0
200,1738831678312,5288.156494140625,3200,1,0.9875,64038.25469970703,3200,3200,3200,3200,3200,3200,3200,3200,3200,3200,3200,3200,3200,3200,3200,3200,48.47648620605469,0.86431884765625,20.51435089111328,0.28387451171875,100,0.128509521484375,23.560386657714844,6.102020263671875,3.6368255615234375,73.76262664794922,20.314308166503906,0.3206939697265625,6.123016357421875,0.7001419067382813,4.366569519042969,23.325462341308594,17089679360,11274289152,7242547200,0
200,1738831678513,3434.4532165527344,3200,1,0.9812500000000001,64043.833923339844,3200,3200,3200,3200,3200,3200,3200,3200,3200,3200,3200,3200,3200,3200,3200,3200,93.02474975585938,1.0755157470703125,18.828994750976563,1.886810302734375,100,0.9144287109375,24.813156127929688,6.243064880371094,23.213760375976563,39.51072692871094,51.55735778808594,1.8889999389648438,27.061264038085938,1.11865234375,15.180351257324219,7.288482666015625,17089679360,11274289152,7246573568,0
200,1738831678714,3434.6219482421875,3200,1,0.9875,64049.002838134766,3200,3200,3200,3200,3200,3200,3200,3200,3200,3200,3200,3200,3200,3200,3200,3200,77.89813232421875,0.9863662719726563,6.3253936767578125,0.45905303955078125,100,0.33135223388671875,5.7880859375,6.228492736816406,77.61382293701172,15.436920166015625,19.457679748535156,1.5972213745117188,9.722091674804688,0.43585968017578125,7.68951416015625,6.128936767578125,17089679360,11274289152,7245918208,0
200,1738831678915,3434.7679595947266,3200,1,0.9875,64053.51713562012,3200,3200,3200,3200,3200,3200,3200,3200,3200,3200,3200,3200,3200,3200,3200,3200,20.487960815429688,0.7801971435546875,34.11815643310547,0.364776611328125,69.58900451660156,1.1120376586914063,4.0189056396484375,5.3244781494140625,0.6940765380859375,73.78900146484375,25.03661346435547,0.541046142578125,5.822685241699219,0.7591018676757813,8.639900207519531,3.6091537475585938,17089679360,11274289152,7224827904,0
200,1738831679116,3434.9957885742188,3200,1,0.9875,64058.289474487305,3200,3200,3200,3200,3200,3200,3200,3200,3200,3200,3200,3200,3200,3200,3200,3200,11.346748352050781,0.3867645263671875,99.5176773071289,0.5471420288085938,6.148536682128906,28.710311889648438,6.368560791015625,7.304450988769531,2.7679901123046875,56.940494537353516,44.22104263305664,0.7097549438476563,8.366897583007813,0.7837753295898438,5.9285125732421875,12.592658996582031,17089679360,11274289152,7205502976,0
200,1738831679317,5290.271759033203,3200,1,0.99375,64063.15057373047,3200,3200,3200,3200,3200,3200,3200,3200,3200,3200,3200,3200,3200,3200,3200,3200,16.32872772216797,3.0842437744140625,67.29293823242188,2.9939422607421875,42.64845275878906,1.572662353515625,6.030418395996094,6.947639465332031,7.558723449707031,60.088958740234375,33.07740783691406,1.59637451171875,11.951179504394531,1.9302902221679688,23.31330108642578,4.019584655761719,17089679360,11274289152,7199449088,0
200,1738831679518,3435.4020233154297,3200,1,0.9875,64067.88591003418,3200,3200,3200,3200,3200,3200,3200,3200,3200,3200,3200,3200,3200,3200,3200,3200,14.891273498535156,0.38806915283203125,57.90890121459961,0.7899246215820313,54.29806137084961,0.6467056274414063,20.279502868652344,5.592437744140625,3.5149765014648438,56.24458694458008,41.41648864746094,0.41632843017578125,4.596214294433594,0.3227081298828125,6.6595001220703125,7.7092437744140625,17089679360,11274289152,7197274112,0
200,1738831679719,3435.526840209961,3200,1,0.9875,64072.323013305664,3200,3200,3200,3200,3200,3200,3200,3200,3200,3200,3200,3200,3200,3200,3200,3200,7.195030212402344,0.27393341064453125,15.471702575683594,1.6581573486328125,90.17755889892578,0.189056396484375,5.77557373046875,7.2060699462890625,3.3454742431640625,59.52819061279297,36.07444763183594,0.5707473754882813,7.509407043457031,0.32651519775390625,0.9955215454101563,6.400703430175781,17089679360,11274289152,7202353152,0
200,1738831679920,3435.6651153564453,3200,1,0.9875,64076.85626220703,3200,3200,3200,3200,3200,3200,3200,3200,3200,3200,3200,3200,3200,3200,3200,3200,16.990280151367188,0.5039291381835938,96.88790130615234,0.48825836181640625,6.068572998046875,3.0349349975585938,2.1632843017578125,9.441017150878906,0.61358642578125,64.1129150390625,28.4852294921875,0.6372146606445313,9.303001403808594,0.6801528930664063,7.838722229003906,3.4970245361328125,17089679360,11274289152,7201538048,0
200,1738831680121,3435.865005493164,3200,1,0.9875,64081.77160644531,3200,3200,3200,3200,3200,3200,3200,3200,3200,3200,3200,3200,3200,3200,3200,3200,16.152313232421875,6.8811187744140625,30.15747833251953,3.377471923828125,92.78321075439453,1.151580810546875,15.932960510253906,8.34423828125,9.856460571289063,59.278255462646484,43.377037048339844,0.28318023681640625,9.7857666015625,0.5552215576171875,6.302619934082031,8.729156494140625,17089679360,11274289152,7204241408,0
200,1738831680322,5292.3963623046875,3200,1,0.9812500000000001,64086.23725891113,3200,3200,3200,3200,3200,3200,3200,3200,3200,3200,3200,3200,3200,3200,3200,3200,6.471611022949219,0.3809967041015625,34.66960906982422,0.9042816162109375,70.15727233886719,1.2361221313476563,6.1397705078125,7.187385559082031,3.6552810668945313,62.51008605957031,33.23094177246094,0.34368133544921875,7.904548645019531,0.5758209228515625,0.98736572265625,3.9380722045898438,17089679360,11274289152,7224401920,0
200,1738831680522,3436.1468200683594,3200,1,0.9875,64091.40313720703,3200,3200,3200,3200,3200,3200,3200,3200,3200,3200,3200,3200,3200,3200,3200,3200,12.370841979980469,0.8195953369140625,48.75440216064453,0.7414932250976563,56.593143463134766,24.177223205566406,8.226768493652344,9.616363525390625,5.615020751953125,46.8456916809082,49.79702377319336,0.7367477416992188,50.39609146118164,1.2866744995117188,7.16876220703125,4.6016082763671875,17089679360,11274289152,7215235072,0
200,1738831680723,5293.199554443359,3200,1,0.9875,64096.1551361084,3200,3200,3200,3200,3200,3200,3200,3200,3200,3200,3200,3200,3200,3200,3200,3200,11.46234130859375,1.124481201171875,35.502655029296875,0.29596710205078125,2.8159255981445313,3.7100982666015625,2.89453125,8.150650024414063,4.299507141113281,60.19172286987305,34.36066436767578,0.5302963256835938,39.813602447509766,0.3888092041015625,68.3087387084961,3.9116897583007813,17089679360,11274289152,7212015616,0
200,1738831680924,5293.347839355469,3200,1,0.9875,64100.67335510254,3200,3200,3200,3200,3200,3200,3200,3200,3200,3200,3200,3200,3200,3200,3200,3200,15.044036865234375,0.0718994140625,12.419601440429688,0,5.245330810546875,0.3227996826171875,1.8948898315429688,6.0938262939453125,0.6165008544921875,78.04833984375,22.550559997558594,0.06185150146484375,4.908332824707031,0,100,0,17089679360,11274289152,7219204096,0
200,1738831681125,5293.522171020508,3200,1,0.9875,64105.612884521484,3200,3200,3200,3200,3200,3200,3200,3200,3200,3200,3200,3200,3200,3200,3200,3200,14.670402526855469,3.2535629272460938,11.917137145996094,0.9456024169921875,4.312255859375,29.354446411132813,8.303863525390625,7.469207763671875,0.9748916625976563,45.68724822998047,43.89413833618164,0.487945556640625,13.254524230957031,0.9748916625976563,100,0.3423919677734375,17089679360,11274289152,7215968256,0
200,1738831681326,5293.753524780273,3200,1,0.9875,64109.19187927246,3200,3200,3200,3200,3200,3200,3200,3200,3200,3200,3200,3200,3200,3200,3200,3200,4.7293701171875,0.6784210205078125,21.57281494140625,0.35488128662109375,7.4343109130859375,0.9305191040039063,1.6005401611328125,4.2136383056640625,0.6349868774414063,21.36266326904297,5.494560241699219,0.5087203979492188,2.6661834716796875,0.8128585815429688,77.46810913085938,0.7824554443359375,17089679360,11274289152,7203287040,0
200,1738831681527,5294.182754516602,3200,1,0.9812500000000001,64113.80810546875,3200,3200,3200,3200,3200,3200,3200,3200,3200,3200,3200,3200,3200,3200,3200,3200,7.229095458984375,0.28273773193359375,47.6720085144043,0.31751251220703125,22.15699005126953,15.077743530273438,23.57408905029297,5.012298583984375,0.7973098754882813,61.65453338623047,34.16838836669922,0.29328155517578125,12.497360229492188,0.48487091064453125,35.579017639160156,6.819000244140625,17089679360,11274289152,7199993856,0
200,1738831681728,3439.731460571289,3200,1,0.9875,64118.291091918945,3200,3200,3200,3200,3200,3200,3200,3200,3200,3200,3200,3200,3200,3200,3200,3200,7.129425048828125,1.142791748046875,94.83699798583984,0.9760208129882813,7.7745513916015625,5.366233825683594,6.195640563964844,8.977447509765625,0.7476119995117188,75.41817474365234,22.995651245117188,6.197784423828125,8.021766662597656,0.533782958984375,4.397575378417969,7.831817626953125,17089679360,11274289152,7225245696,0
200,1738831681929,5295.27214050293,3200,1,0.9875,64122.935287475586,3200,3200,3200,3200,3200,3200,3200,3200,3200,3200,3200,3200,3200,3200,3200,3200,13.0616455078125,0.49039459228515625,45.6107177734375,0.26959991455078125,4.328605651855469,1.241546630859375,58.05301284790039,4.780601501464844,0.3271636962890625,73.28341674804688,30.59961700439453,0.2893524169921875,15.994384765625,0.24642181396484375,8.935523986816406,3.2479629516601563,17089679360,11274289152,7207665664,0
200,1738831682130,3440.0816802978516,3200,1,0.9812500000000001,64127.63232421875,3200,3200,3200,3200,3200,3200,3200,3200,3200,3200,3200,3200,3200,3200,3200,3200,11.9139404296875,0.5101242065429688,16.60089874267578,3.2659759521484375,33.58441925048828,26.93665313720703,62.24507522583008,4.206230163574219,2.0801544189453125,60.55823516845703,33.18946075439453,0.5768890380859375,11.307106018066406,2.523468017578125,5.516120910644531,10.150787353515625,17089679360,11274289152,7209910272,0
200,1738831682331,3440.1968841552734,3200,1,0.9875,64132.24772644043,3200,3200,3200,3200,3200,3200,3200,3200,3200,3200,3200,3200,3200,3200,3200,3200,11.690742492675781,0.49852752685546875,34.69926452636719,54.198577880859375,14.95477294921875,0.47957611083984375,3.193084716796875,6.499504089355469,0.6832122802734375,73.74067687988281,39.01329803466797,0.699981689453125,9.512031555175781,0.5251998901367188,1.850830078125,3.8131637573242188,17089679360,11274289152,7197786112,0
200,1738831682532,5296.620178222656,3200,1,0.9875,64136.96305847168,3200,3200,3200,3200,3200,3200,3200,3200,3200,3200,3200,3200,3200,3200,3200,3200,15.417953491210938,0.13809967041015625,40.56681442260742,1.5720367431640625,46.45161056518555,16.243743896484375,15.01910400390625,6.841636657714844,0.29425048828125,55.91501998901367,54.09138488769531,0.3985443115234375,7.3786773681640625,0.31114959716796875,7.94647216796875,6.654487609863281,17089679360,11274289152,7207542784,0
200,1738831682732,4072.7471618652344,3200,1,0.9875,64141.55488586426,3200,3200,3200,3200,3200,3200,3200,3200,3200,3200,3200,3200,3200,3200,3200,3200,20.048553466796875,0,29.800071716308594,0,6.961585998535156,15.85247802734375,8.5684814453125,17.655860900878906,14.784439086914063,52.894264221191406,29.946006774902344,0,28.95635223388672,0.0370635986328125,35.05641174316406,4.940696716308594,17089679360,11274289152,7210037248,0
200,1738831682933,5297.052749633789,3200,1,0.99375,64145.34030151367,3200,3200,3200,3200,3200,3200,3200,3200,3200,3200,3200,3200,3200,3200,3200,3200,13.186355590820313,0.404998779296875,6.067527770996094,0.856201171875,2.18975830078125,0.24105072021484375,2.8495101928710938,5.4793701171875,0.40670013427734375,72.7149429321289,27.179458618164063,0.140899658203125,26.263153076171875,2.4879074096679688,8.265380859375,2.701507568359375,17089679360,11274289152,7218978816,0
200,1738831683134,5297.161651611328,3200,1,0.99375,64148.85932922363,3200,3200,3200,3200,3200,3200,3200,3200,3200,3200,3200,3200,3200,3200,3200,3200,5.822845458984375,3.069580078125,6.050254821777344,0.31925201416015625,3.392608642578125,0.34577178955078125,2.0281448364257813,4.999916076660156,0.3728790283203125,80.10303497314453,15.77117919921875,0.5419387817382813,4.784736633300781,1.6981430053710938,1.7086410522460938,3.1951522827148438,17089679360,11274289152,7210168320,0
200,1738831683335,5297.280227661133,3200,1,0.99375,64152.769119262695,3200,3200,3200,3200,3200,3200,3200,3200,3200,3200,3200,3200,3200,3200,3200,3200,11.066848754882813,0.3282623291015625,5.87200927734375,0.9330902099609375,1.4745330810546875,27.285057067871094,6.404151916503906,6.979225158691406,0.5311431884765625,50.81995391845703,46.20372009277344,0.3663177490234375,7.204048156738281,0.26194000244140625,4.614494323730469,11.19879150390625,17089679360,11274289152,7209463808,0
200,1738831683535,5297.398880004883,3200,1,0.99375,64156.20538330078,3200,3200,3200,3200,3200,3200,3200,3200,3200,3200,3200,3200,3200,3200,3200,3200,4.8465118408203125,0.7070693969726563,7.4506683349609375,0.11057281494140625,3.3696746826171875,2.4225616455078125,0.6472702026367188,6.406639099121094,0.2926177978515625,80.20677185058594,12.230995178222656,0.24947357177734375,8.60760498046875,0.23221588134765625,0.5768508911132813,3.2063369750976563,17089679360,11274289152,7209205760,0
200,1738831683737,3441.4571533203125,3200,1,0.9875,64159.703536987305,3200,3200,3200,3200,3200,3200,3200,3200,3200,3200,3200,3200,3200,3200,3200,3200,5.934928894042969,0.27835845947265625,6.094139099121094,0.4696044921875,2.7058944702148438,8.166496276855469,3.33465576171875,4.548553466796875,0.276123046875,79.52657318115234,18.03649139404297,0.36696624755859375,3.3756027221679688,0.27587127685546875,2.9073944091796875,5.8593597412109375,17089679360,11274289152,7208943616,0
200,1738831683937,5297.657775878906,3200,1,0.99375,64163.50926208496,3200,3200,3200,3200,3200,3200,3200,3200,3200,3200,3200,3200,3200,3200,3200,3200,8.637847900390625,0.29627227783203125,9.565673828125,0.37139129638671875,2.9602508544921875,20.5220947265625,5.21612548828125,6.396331787109375,0.6661224365234375,59.072879791259766,36.682167053222656,0.42371368408203125,6.957763671875,0.3085479736328125,9.427658081054688,5.704032897949219,17089679360,11274289152,7211868160,0
200,1738831684137,5297.766036987305,3200,1,0.99375,64166.930114746094,3200,3200,3200,3200,3200,3200,3200,3200,3200,3200,3200,3200,3200,3200,3200,3200,7.308906555175781,0.06734466552734375,5.1717071533203125,0.00264739990234375,1.894073486328125,0.17108917236328125,5.4454803466796875,4.78704833984375,0.127349853515625,84.38563537597656,8.777137756347656,0.0857696533203125,4.596000671386719,0.16080474853515625,1.1037445068359375,3.1141891479492188,17089679360,11274289152,7211270144,0
200,1738831684338,5297.899490356445,3200,1,0.9875,64171.05227661133,3200,3200,3200,3200,3200,3200,3200,3200,3200,3200,3200,3200,3200,3200,3200,3200,8.468574523925781,0.12770843505859375,8.113700866699219,0.6866607666015625,2.2127761840820313,25.400558471679688,5.720428466796875,5.277839660644531,20.15057373046875,43.0059700012207,52.07698440551758,0.23154449462890625,8.090370178222656,0.20735931396484375,5.651573181152344,9.528724670410156,17089679360,11274289152,7206871040,0
200,1738831684539,5298.006927490234,3200,1,0.99375,64174.557861328125,3200,3200,3200,3200,3200,3200,3200,3200,3200,3200,3200,3200,3200,3200,3200,3200,6.426887512207031,0,4.8264923095703125,0,3.3837432861328125,1.0223007202148438,3.134246826171875,5.6995849609375,0.07195281982421875,84.25633239746094,15.645866394042969,0,2.89959716796875,3.7334442138671875,0.7725448608398438,4.4839935302734375,17089679360,11274289152,7197294592,0
200,1738831684740,3442.1774291992188,3200,1,0.9875,64178.09217834473,3200,3200,3200,3200,3200,3200,3200,3200,3200,3200,3200,3200,3200,3200,3200,3200,4.538703918457031,0.370849609375,5.022056579589844,0,3.8533554077148438,4.9680023193359375,3.1552047729492188,4.656654357910156,0,79.5373306274414,15.041862487792969,5.444358825683594,3.3275070190429688,0,0.5383987426757813,6.0449066162109375,17089679360,11274289152,7196741632,0
200,1738831684941,5298.286193847656,3200,1,0.9875,64182.02215576172,3200,3200,3200,3200,3200,3200,3200,3200,3200,3200,3200,3200,3200,3200,3200,3200,7.717262268066406,0.2820892333984375,14.970687866210938,0.20024871826171875,2.3967819213867188,22.257843017578125,3.2923049926757813,6.3662567138671875,0.7028427124023438,65.79064178466797,34.83796691894531,0.29228973388671875,6.6011810302734375,0.29741668701171875,6.941780090332031,5.5515289306640625,17089679360,11274289152,7203848192,0
200,1738831685142,5298.378356933594,3200,1,0.99375,64185.39562988281,3200,3200,3200,3200,3200,3200,3200,3200,3200,3200,3200,3200,3200,3200,3200,3200,5.116729736328125,0.3619384765625,4.283843994140625,0.306365966796875,2.6435394287109375,0.505523681640625,2.6547317504882813,4.399017333984375,0.5073623657226563,85.06124877929688,8.332710266113281,0.43383026123046875,9.462760925292969,0.3765716552734375,2.3831939697265625,2.7160797119140625,17089679360,11274289152,7203639296,0
200,1738831685343,5298.499130249023,3200,1,0.9875,64189.21543884277,3200,3200,3200,3200,3200,3200,3200,3200,3200,3200,3200,3200,3200,3200,3200,3200,8.651779174804688,0.1702423095703125,6.588569641113281,0.47672271728515625,2.0213851928710938,27.442237854003906,4.8973236083984375,6.660774230957031,0.45969390869140625,51.619346618652344,41.25953674316406,0.27317047119140625,6.42449951171875,0.2078857421875,4.876762390136719,9.047943115234375,17089679360,11274289152,7203196928,0
200,1738831685543,5298.607498168945,3200,1,0.99375,64192.70666503906,3200,3200,3200,3200,3200,3200,3200,3200,3200,3200,3200,3200,3200,3200,3200,3200,5.028144836425781,0.14653778076171875,6.1248016357421875,0.2591400146484375,2.5500335693359375,2.7738876342773438,1.0959548950195313,6.544059753417969,0.30999755859375,76.428955078125,21.24895477294922,0.14783477783203125,6.7447052001953125,0.1675567626953125,2.0480194091796875,4.2061004638671875,17089679360,11274289152,7203241984,0
199,1738831685744,5298.7213134765625,3200,1,0.9875,64196.22602844238,3200,3200,3200,3200,3200,3200,3200,3200,3200,3200,3200,3200,3200,3200,3200,3200,5.610260009765625,0.075225830078125,6.3269195556640625,0.27880096435546875,0.45601654052734375,8.750732421875,3.3707733154296875,4.2667388916015625,0.2582550048828125,77.95194244384766,17.988929748535156,0.00930023193359375,6.57135009765625,0,1.5871505737304688,6.276969909667969,17089679360,11274289152,7203086336,0
200,1738831685944,5298.858871459961,3200,1,1.0125000000000002,64199.97821044922,3200,3200,3200,3200,3200,3200,3200,3200,3200,3200,3200,3200,3200,3200,3200,3200,7.690361022949219,0.8092727661132813,9.45733642578125,0.8983078002929688,1.548614501953125,21.734893798828125,1.1608200073242188,8.600021362304688,1.1452713012695313,48.33723068237305,49.168453216552734,0.3911895751953125,8.157890319824219,0.19896697998046875,10.180625915527344,6.8296966552734375,17089679360,11274289152,7202934784,0
200,1738831686146,5298.953750610352,3200,1,0.99375,64203.44354248047,3200,3200,3200,3200,3200,3200,3200,3200,3200,3200,3200,3200,3200,3200,3200,3200,4.970741271972656,0.20587158203125,2.7814407348632813,0.47522735595703125,0.2842254638671875,0.4409942626953125,4.560943603515625,4.141143798828125,0.10497283935546875,79.40921020507813,16.552825927734375,0,6.2538299560546875,0.0037841796875,1.7500457763671875,3.3315887451171875,17089679360,11274289152,7202619392,0
200,1738831686347,5515.871231079102,3200,1,0.99375,64207.39305114746,3200,3200,3200,3200,3200,3200,3200,3200,3200,3200,3200,3200,3200,3200,3200,3200,19.578086853027344,0.171234130859375,6.117576599121094,0.5040969848632813,1.2105255126953125,25.347824096679688,3.7695693969726563,6.591827392578125,0.6451339721679688,52.53563690185547,32.70075225830078,5.7626800537109375,16.311721801757813,1.04083251953125,7.050956726074219,6.322540283203125,17089679360,11274289152,7202816000,0
200,1738831686548,5516.443740844727,3200,1,0.9875,64210.94770812988,3200,3200,3200,3200,3200,3200,3200,3200,3200,3200,3200,3200,3200,3200,3200,3200,13.357559204101563,0,3.2338714599609375,0.03203582763671875,3.4399337768554688,2.8554763793945313,1.7803878784179688,6.545646667480469,3.125518798828125,61.9068603515625,33.39265441894531,0.09009552001953125,5.722991943359375,0,0.5842056274414063,5.545684814453125,17089679360,11274289152,7200387072,0
200,1738831686749,2937.975540161133,3200,1,0.9875,64214.55158996582,3200,3200,3200,3200,3200,3200,3200,3200,3200,3200,3200,3200,3200,3200,3200,3200,11.277824401855469,6.841804504394531,4.649467468261719,0.0776519775390625,3.0534286499023438,0.4801483154296875,0.37599945068359375,5.711212158203125,0.5487442016601563,63.48468780517578,34.3165283203125,0.9081954956054688,7.31805419921875,0.27355194091796875,6.1209564208984375,2.9331283569335938,17089679360,11274289152,7198920704,0
199,1738831686949,5299.40299987793,3200,1,1,64217.425521850586,3200,3200,3200,3200,3200,3200,3200,3200,3200,3200,3200,3200,3200,3200,3200,3200,6.084190368652344,0.2867279052734375,7.40460205078125,0.9344711303710938,0.6846389770507813,24.096229553222656,3.1382293701171875,5.569099426269531,0.7884902954101563,0.540557861328125,0.923736572265625,0.2931671142578125,5.2770843505859375,0.2839813232421875,8.975341796875,5.948493957519531,17089679360,11274289152,7203512320,0
200,1738831687149,5299.458206176758,3200,1,0.99375,64219.777923583984,3200,3200,3200,3200,3200,3200,3200,3200,3200,3200,3200,3200,3200,3200,3200,3200,4.738807678222656,0.10919952392578125,2.3665771484375,0.11324310302734375,0.0479278564453125,0.1503753662109375,0.691070556640625,2.319305419921875,0.2850189208984375,13.774436950683594,1.0755386352539063,0.17441558837890625,2.1817703247070313,0.15113067626953125,0.8335037231445313,0.5251007080078125,17089679360,11274289152,7203106816,0
199,1738831687349,5299.5308837890625,3200,1,0.99375,64223.23132324219,3200,3200,3200,3200,3200,3200,3200,3200,3200,3200,3200,3200,3200,3200,3200,3200,5.930473327636719,0.21942901611328125,6.240730285644531,1.8084487915039063,0.5431137084960938,22.666419982910156,9.602912902832031,4.691444396972656,1.0447540283203125,37.236995697021484,43.46979522705078,0.43926239013671875,5.4738006591796875,0.24098968505859375,5.9028778076171875,5.3164520263671875,17089679360,11274289152,7201554432,0
199,1738831687549,5299.673843383789,3200,1,0.9875,64226.79275512695,3200,3200,3200,3200,3200,3200,3200,3200,3200,3200,3200,3200,3200,3200,3200,3200,5.8433074951171875,3.8439407348632813,8.394081115722656,1.4048538208007813,5.185829162597656,3.009124755859375,0.9290084838867188,4.869880676269531,0.4160308837890625,66.83282470703125,34.44965362548828,0.422882080078125,7.29443359375,0.1802825927734375,1.756927490234375,5.6968536376953125,17089679360,11274289152,7201841152,0
200,1738831687750,5299.782135009766,3200,1,0.99375,64230.32020568848,3200,3200,3200,3200,3200,3200,3200,3200,3200,3200,3200,3200,3200,3200,3200,3200,5.04229736328125,0.29087066650390625,6.467926025390625,0.1755828857421875,2.40313720703125,1.2392044067382813,2.653594970703125,4.3497161865234375,0.277435302734375,82.28044891357422,10.35858154296875,5.932395935058594,11.833717346191406,0.34781646728515625,0.8043746948242188,3.1021652221679688,17089679360,11274289152,7197282304,0
200,1738831687950,3444.423141479492,3200,1,0.99375,64234.172454833984,3200,3200,3200,3200,3200,3200,3200,3200,3200,3200,3200,3200,3200,3200,3200,3200,7.233551025390625,0.0540618896484375,5.011680603027344,3.9841766357421875,7.761222839355469,27.898216247558594,2.893646240234375,6.35552978515625,0.37938690185546875,67.42221069335938,29.192344665527344,0.068267822265625,4.80279541015625,0.17798614501953125,5.0078887939453125,9.325119018554688,17089679360,11274289152,7192092672,0
200,1738831688151,5300.018157958984,3200,1,0.99375,64237.68185424805,3200,3200,3200,3200,3200,3200,3200,3200,3200,3200,3200,3200,3200,3200,3200,3200,5.99505615234375,0,3.448150634765625,0,4.189552307128906,0,1.7747039794921875,4.623504638671875,0.02069854736328125,89.11438751220703,11.521064758300781,0.444000244140625,4.683258056640625,0.06259918212890625,6.237457275390625,2.6231002807617188,17089679360,11274289152,7199838208,0
200,1738831688352,5300.151092529297,3200,1,0.9875,64241.43908691406,3200,3200,3200,3200,3200,3200,3200,3200,3200,3200,3200,3200,3200,3200,3200,3200,5.441230773925781,0.05551910400390625,7.229393005371094,1.6558074951171875,1.9210205078125,24.24933624267578,7.867271423339844,5.527557373046875,0.39532470703125,62.8208122253418,31.07471466064453,0.21384429931640625,6.663665771484375,0.10205078125,4.793121337890625,6.868721008300781,17089679360,11274289152,7199358976,0
200,1738831688552,3444.8521881103516,3200,1,0.9875,64244.98992919922,3200,3200,3200,3200,3200,3200,3200,3200,3200,3200,3200,3200,3200,3200,3200,3200,5.096038818359375,0,2.8902053833007813,1.0524444580078125,5.708839416503906,2.69183349609375,1.8887786865234375,5.059349060058594,0.21421051025390625,78.07920837402344,17.672119140625,0,7.608848571777344,0.02099609375,1.0155563354492188,5.4438629150390625,17089679360,11274289152,7198674944,0
200,1738831688753,3184.1455841064453,3200,1,0.9875,64248.35900878906,3200,3200,3200,3200,3200,3200,3200,3200,3200,3200,3200,3200,3200,3200,3200,3200,5.016517639160156,0,2.4316329956054688,0,3.5932998657226563,0,3.45184326171875,4.519561767578125,0,76.48148345947266,21.624794006347656,0,2.3665847778320313,0.2264556884765625,0.6194076538085938,2.7180404663085938,17089679360,11274289152,7197843456,0
200,1738831688954,5300.489822387695,3200,1,0.99375,64252.24069213867,3200,3200,3200,3200,3200,3200,3200,3200,3200,3200,3200,3200,3200,3200,3200,3200,7.302330017089844,0.4453582763671875,5.6945343017578125,3.0540618896484375,3.9632492065429688,27.60590362548828,3.4099349975585938,6.841339111328125,1.5632781982421875,59.09090042114258,39.04660415649414,0.44356536865234375,8.721702575683594,0.394866943359375,4.706672668457031,9.313407897949219,17089679360,11274289152,7196872704,0
200,1738831689155,5300.603897094727,3200,1,0.99375,64255.71325683594,3200,3200,3200,3200,3200,3200,3200,3200,3200,3200,3200,3200,3200,3200,3200,3200,5.8930816650390625,0.228759765625,6.957466125488281,0.1506500244140625,2.96673583984375,0.38875579833984375,0.9563751220703125,5.161628723144531,0.4126434326171875,73.17407989501953,23.13788604736328,0.312591552734375,4.702522277832031,0.31746673583984375,7.091941833496094,2.7135543823242188,17089679360,11274289152,7199612928,0
199,1738831689356,3184.465057373047,3200,1,0.99375,64259.55322265625,3200,3200,3200,3200,3200,3200,3200,3200,3200,3200,3200,3200,3200,3200,3200,3200,9.105415344238281,0.19482421875,5.770790100097656,2.552581787109375,1.72198486328125,26.603805541992188,3.0438308715820313,5.430938720703125,0.281494140625,63.36307144165039,34.618675231933594,5.6757659912109375,5.619895935058594,0.2013397216796875,10.826210021972656,6.7168121337890625,17089679360,11274289152,7198928896,0
200,1738831689556,5300.841598510742,3200,1,0.99375,64263.206298828125,3200,3200,3200,3200,3200,3200,3200,3200,3200,3200,3200,3200,3200,3200,3200,3200,11.909172058105469,0.55621337890625,3.81341552734375,1.8156280517578125,5.010772705078125,3.6896896362304688,4.976036071777344,4.713035583496094,3.9576644897460938,65.8110580444336,16.91248321533203,16.389907836914063,10.491294860839844,0.5906982421875,2.8626251220703125,5.849967956542969,17089679360,11274289152,7190839296,0
200,1738831689757,5300.932723999023,3200,1,0.9875,64266.6044921875,3200,3200,3200,3200,3200,3200,3200,3200,3200,3200,3200,3200,3200,3200,3200,3200,5.135810852050781,0.02435302734375,2.6696090698242188,0,1.9816513061523438,0.6352996826171875,3.5340042114257813,4.311859130859375,0.13645172119140625,76.75630187988281,20.771392822265625,0.2032470703125,7.149116516113281,0.0634002685546875,0.5389480590820313,2.862457275390625,17089679360,11274289152,7191003136,0
200,1738831689958,4078.9637451171875,3200,1,0.99375,64270.35710144043,3200,3200,3200,3200,3200,3200,3200,3200,3200,3200,3200,3200,3200,3200,3200,3200,7.371574401855469,0.20485687255859375,6.577949523925781,2.819915771484375,5.76751708984375,24.64759063720703,5.38330078125,7.396270751953125,1.3591079711914063,45.30406188964844,30.23583984375,0.34386444091796875,9.18572998046875,2.8816604614257813,5.9558563232421875,8.407066345214844,17089679360,11274289152,7189655552,0
200,1738831690159,5301.132873535156,3200,1,0.9875,64272.71418762207,3200,3200,3200,3200,3200,3200,3200,3200,3200,3200,3200,3200,3200,3200,3200,3200,2.1890716552734375,0.14824676513671875,2.5369491577148438,0.0749969482421875,0.5159988403320313,0.1251373291015625,0.0714111328125,0.8955001831054688,0.33986663818359375,3.3225936889648438,4.842498779296875,0.177825927734375,0.6428756713867188,0.2164154052734375,0.30112457275390625,0.37457275390625,17089679360,11274289152,7189237760,0
199,1738831690359,5301.254119873047,3200,1,0.99375,64276.56149291992,3200,3200,3200,3200,3200,3200,3200,3200,3200,3200,3200,3200,3200,3200,3200,3200,9.333122253417969,0.2696380615234375,4.4003753662109375,1.8006210327148438,6.639610290527344,18.742210388183594,9.295143127441406,5.65557861328125,0.75238037109375,60.35940170288086,37.00946044921875,0.34569549560546875,5.315582275390625,1.8692398071289063,11.310806274414063,6.215766906738281,17089679360,11274289152,7198101504,0
200,1738831690560,5301.360504150391,3200,1,0.99375,64280.01808166504,3200,3200,3200,3200,3200,3200,3200,3200,3200,3200,3200,3200,3200,3200,3200,3200,5.4748992919921875,0.4202117919921875,3.4328842163085938,1.8249664306640625,3.0964889526367188,5.945960998535156,3.24725341796875,5.559471130371094,0.5995941162109375,75.076904296875,22.52710723876953,0.3596649169921875,4.672584533691406,0.37744903564453125,1.9940109252929688,6.1219024658203125,17089679360,11274289152,7196614656,0
200,1738831690760,5301.472839355469,3200,1,0.99375,64283.49954223633,3200,3200,3200,3200,3200,3200,3200,3200,3200,3200,3200,3200,3200,3200,3200,3200,4.544830322265625,0,6.8980255126953125,0,1.2063446044921875,0,4.007987976074219,4.4871826171875,0,79.1333236694336,14.53070068359375,5.550682067871094,6.7206268310546875,0,0.34909820556640625,2.8357391357421875,17089679360,11274289152,7196082176,0
200,1738831690961,5301.610778808594,3200,1,0.9875,64287.320388793945,3200,3200,3200,3200,3200,3200,3200,3200,3200,3200,3200,3200,3200,3200,3200,3200,5.1696014404296875,0.1469879150390625,7.7144012451171875,1.3177642822265625,3.7759933471679688,25.359725952148438,2.0927200317382813,5.848426818847656,1.7945404052734375,45.81796646118164,45.583961486816406,0.1484375,10.998138427734375,0,4.654853820800781,8.6162109375,17089679360,11274289152,7194923008,0
199,1738831691162,3446.6429595947266,3200,1,0.9875,64290.86047363281,3200,3200,3200,3200,3200,3200,3200,3200,3200,3200,3200,3200,3200,3200,3200,3200,10.047943115234375,0.25189208984375,5.450691223144531,1.4861831665039063,1.2493133544921875,2.442108154296875,4.6225738525390625,4.8962554931640625,0.682098388671875,69.25920867919922,22.032958984375,0.33507537841796875,4.250236511230469,0.7892608642578125,1.1745376586914063,3.3680877685546875,17089679360,11274289152,7194738688,0
200,1738831691362,3446.842987060547,3200,1,0.9875,64294.62498474121,3200,3200,3200,3200,3200,3200,3200,3200,3200,3200,3200,3200,3200,3200,3200,3200,5.686637878417969,0.19098663330078125,3.4314651489257813,1.583648681640625,1.296295166015625,22.01367950439453,6.3219451904296875,9.091224670410156,2.8864822387695313,60.443721771240234,35.323448181152344,0.2749176025390625,8.583061218261719,0.314483642578125,10.607078552246094,6.2196807861328125,17089679360,11274289152,7196999680,0
200,1738831691563,5301.962432861328,3200,1,0.99375,64298.14518737793,3200,3200,3200,3200,3200,3200,3200,3200,3200,3200,3200,3200,3200,3200,3200,3200,5.7734375,0.23676300048828125,5.450347900390625,1.6089096069335938,2.8495559692382813,6.515129089355469,1.20050048828125,6.289558410644531,1.0110931396484375,69.12366485595703,27.186477661132813,0.6209945678710938,6.7075653076171875,0.2503509521484375,4.268310546875,6.729652404785156,17089679360,11274289152,7196962816,0
200,1738831691764,5302.071273803711,3200,1,0.99375,64301.61772155762,3200,3200,3200,3200,3200,3200,3200,3200,3200,3200,3200,3200,3200,3200,3200,3200,5.126838684082031,0.170196533203125,6.460365295410156,0.11452484130859375,2.38555908203125,0.35004425048828125,3.3888397216796875,4.3497772216796875,0.21875762939453125,86.39956665039063,10.996414184570313,0.27626800537109375,4.249481201171875,0.21054840087890625,0.5152740478515625,3.0613250732421875,17089679360,11274289152,7197388800,0
200,1738831691965,5302.220642089844,3200,1,0.9875,64305.55276489258,3200,3200,3200,3200,3200,3200,3200,3200,3200,3200,3200,3200,3200,3200,3200,3200,8.577545166015625,10.270309448242188,6.936805725097656,3.9085693359375,4.3626251220703125,25.031326293945313,3.4794082641601563,6.939842224121094,3.025604248046875,57.43141174316406,36.716312408447266,0.35877227783203125,13.127593994140625,0.26712799072265625,5.267547607421875,9.083473205566406,17089679360,11274289152,7192838144,0
200,1738831692166,5302.337341308594,3200,1,0.99375,64308.97764587402,3200,3200,3200,3200,3200,3200,3200,3200,3200,3200,3200,3200,3200,3200,3200,3200,4.963081359863281,0.38697052001953125,7.661521911621094,0.28249359130859375,5.068107604980469,0.36881256103515625,0.54364013671875,4.8172149658203125,0.5885162353515625,77.43992614746094,19.813880920410156,0.44557952880859375,3.7275466918945313,0.39900970458984375,0.8163299560546875,3.3850555419921875,17089679360,11274289152,7192621056,0
200,1738831692366,3447.5673065185547,3200,1,0.9875,64312.70195007324,3200,3200,3200,3200,3200,3200,3200,3200,3200,3200,3200,3200,3200,3200,3200,3200,6.093101501464844,0.0618896484375,5.8256378173828125,0.57958984375,2.7566070556640625,19.3212890625,5.8702545166015625,5.0986175537109375,0.4609527587890625,66.84681701660156,26.108474731445313,0.1547698974609375,9.522377014160156,0.12592315673828125,9.776107788085938,5.8606719970703125,17089679360,11274289152,7198269440,0
200,1738831692567,5302.542785644531,3200,1,1.0125000000000002,64315.61389160156,3200,3200,3200,3200,3200,3200,3200,3200,3200,3200,3200,3200,3200,3200,3200,3200,5.399314880371094,1.2046127319335938,2.281341552734375,0.210357666015625,1.1245803833007813,7.562202453613281,2.5937271118164063,4.2664031982421875,0.45653533935546875,14.798591613769531,15.623298645019531,0.6401519775390625,3.009552001953125,0.15097808837890625,2.5655899047851563,4.3098602294921875,17089679360,11274289152,7197638656,0
200,1738831692768,5302.645324707031,3200,1,0.99375,64319.108810424805,3200,3200,3200,3200,3200,3200,3200,3200,3200,3200,3200,3200,3200,3200,3200,3200,5.3540802001953125,0,4.9330291748046875,0,3.8302536010742188,0.49056243896484375,3.357818603515625,4.396392822265625,0,88.14924621582031,6.491416931152344,0,6.293891906738281,2.9777908325195313,2.2882919311523438,2.74615478515625,17089679360,11274289152,7197757440,0
200,1738831692968,2656.424789428711,3200,1,0.9875,64322.98377990723,3200,3200,3200,3200,3200,3200,3200,3200,3200,3200,3200,3200,3200,3200,3200,3200,10.860633850097656,0.25379180908203125,5.7177734375,1.0974044799804688,0.7562789916992188,26.876693725585938,3.5729904174804688,5.261322021484375,1.0830917358398438,53.42392349243164,43.238468170166016,0.27698516845703125,6.512062072753906,0.3106536865234375,5.9017791748046875,8.718940734863281,17089679360,11274289152,7196446720,0
200,1738831693169,5302.861434936523,3200,1,0.9812500000000001,64326.41995239258,3200,3200,3200,3200,3200,3200,3200,3200,3200,3200,3200,3200,3200,3200,3200,3200,9.256614685058594,2.2114944458007813,4.072883605957031,0.3126373291015625,1.476318359375,2.4441299438476563,1.907012939453125,6.1997528076171875,0.620147705078125,78.33438110351563,20.19537353515625,0.33179473876953125,7.0069122314453125,0.2465667724609375,1.5593032836914063,3.2904510498046875,17089679360,11274289152,7196143616,0
200,1738831693370,3186.5638427734375,3200,1,0.9875,64330.036560058594,3200,3200,3200,3200,3200,3200,3200,3200,3200,3200,3200,3200,3200,3200,3200,3200,6.190887451171875,0,10.946624755859375,0,1.390899658203125,9.823677062988281,3.41143798828125,4.511436462402344,0,73.82666778564453,21.257896423339844,0,8.067428588867188,0,2.0586929321289063,5.3929901123046875,17089679360,11274289152,7199322112,0
200,1738831693571,5303.142623901367,3200,1,1.00625,64333.726470947266,3200,3200,3200,3200,3200,3200,3200,3200,3200,3200,3200,3200,3200,3200,3200,3200,5.898124694824219,0.277587890625,10.173606872558594,0.40578460693359375,7.332374572753906,18.458328247070313,6.283905029296875,5.048149108886719,1.2506790161132813,59.8511962890625,31.154441833496094,0.3146514892578125,5.833648681640625,0.27579498291015625,5.764854431152344,6.185661315917969,17089679360,11274289152,7197421568,0
200,1738831693772,5303.244583129883,3200,1,0.99375,64337.17121887207,3200,3200,3200,3200,3200,3200,3200,3200,3200,3200,3200,3200,3200,3200,3200,3200,6.7040557861328125,0.0915374755859375,5.172279357910156,0.01959991455078125,3.8886642456054688,0.1464691162109375,2.0087814331054688,4.570396423339844,0.28313446044921875,73.29054260253906,22.36498260498047,0.6792984008789063,3.0692214965820313,0.13816070556640625,0.9883499145507813,2.919769287109375,17089679360,11274289152,7197175808,0
200,1738831693973,5303.36669921875,3200,1,0.99375,64341.00021362305,3200,3200,3200,3200,3200,3200,3200,3200,3200,3200,3200,3200,3200,3200,3200,3200,10.585868835449219,0.2839813232421875,6.209953308105469,1.1500625610351563,1.3526992797851563,26.93482208251953,2.2767868041992188,6.3085174560546875,0.52423095703125,60.15222930908203,36.70883560180664,5.951698303222656,6.0478668212890625,0.31079864501953125,6.196868896484375,6.578315734863281,17089679360,11274289152,7195750400,0
200,1738831694174,5303.480941772461,3200,1,0.99375,64344.50848388672,3200,3200,3200,3200,3200,3200,3200,3200,3200,3200,3200,3200,3200,3200,3200,3200,5.923744201660156,1.0943832397460938,7.4306640625,0.0821380615234375,4.003692626953125,2.2405548095703125,0.394775390625,6.4989166259765625,0.48199462890625,72.49456787109375,23.01129150390625,4.1265716552734375,5.180656433105469,0.7737808227539063,1.2412490844726563,5.6375732421875,17089679360,11274289152,7195774976,0
200,1738831694375,3448.9226837158203,3200,1,0.99375,64348.03364562988,3200,3200,3200,3200,3200,3200,3200,3200,3200,3200,3200,3200,3200,3200,3200,3200,5.632499694824219,0.129058837890625,7.4809112548828125,0.10457611083984375,3.1266708374023438,0.24089813232421875,1.1761703491210938,5.0126953125,0.2461700439453125,69.14106750488281,23.128318786621094,0.19029998779296875,8.389869689941406,0.3317413330078125,6.6331024169921875,2.80548095703125,17089679360,11274289152,7198863360,0
200,1738831694576,5303.751312255859,3200,1,0.99375,64352.0133972168,3200,3200,3200,3200,3200,3200,3200,3200,3200,3200,3200,3200,3200,3200,3200,3200,24.737579345703125,0.18213653564453125,7.218910217285156,2.7644424438476563,3.1344833374023438,27.953651428222656,3.3401565551757813,6.874137878417969,1.1857070922851563,49.27341842651367,44.192840576171875,0.202484130859375,12.554359436035156,0.1491546630859375,6.524589538574219,9.12420654296875,17089679360,11274289152,7194841088,0
200,1738831694777,3187.3694763183594,3200,1,0.9875,64355.38494873047,3200,3200,3200,3200,3200,3200,3200,3200,3200,3200,3200,3200,3200,3200,3200,3200,4.041023254394531,0,3.0939178466796875,0,4.250274658203125,0,4.331024169921875,4.366676330566406,0,81.8366928100586,14.27288818359375,0,1.4236602783203125,0,0.11624908447265625,2.6802139282226563,17089679360,11274289152,7192719360,0
199,1738831694978,5303.9722900390625,3200,1,0.99375,64359.205993652344,3200,3200,3200,3200,3200,3200,3200,3200,3200,3200,3200,3200,3200,3200,3200,3200,6.780097961425781,0.26019287109375,6.060508728027344,1.0250625610351563,5.364494323730469,26.036476135253906,4.2961578369140625,5.831153869628906,3.2570648193359375,53.70536804199219,32.784934997558594,0.31700897216796875,11.333015441894531,0.29158782958984375,5.090766906738281,6.49542236328125,17089679360,11274289152,7191011328,0
199,1738831695178,5304.113265991211,3200,1,0.99375,64362.852478027344,3200,3200,3200,3200,3200,3200,3200,3200,3200,3200,3200,3200,3200,3200,3200,3200,16.98108673095703,1.2491226196289063,10.603096008300781,0.74774169921875,5.334754943847656,3.7379226684570313,4.944915771484375,5.998748779296875,1.2582168579101563,61.277854919433594,26.884864807128906,0.54095458984375,9.339584350585938,1.3441696166992188,5.5263519287109375,4.9596099853515625,17089679360,11274289152,7172399104,0
200,1738831695378,5304.233673095703,3200,1,0.99375,64366.42037963867,3200,3200,3200,3200,3200,3200,3200,3200,3200,3200,3200,3200,3200,3200,3200,3200,6.270576477050781,0.9924774169921875,7.81292724609375,0.1148223876953125,2.663299560546875,0.34127044677734375,3.3611907958984375,4.584465026855469,0.39121246337890625,74.73622131347656,18.08635711669922,0.6614532470703125,14.070960998535156,0.21324920654296875,6.636146545410156,6.147758483886719,17089679360,11274289152,7180464128,0
200,1738831695579,5304.375823974609,3200,1,0.9875,64370.29618835449,3200,3200,3200,3200,3200,3200,3200,3200,3200,3200,3200,3200,3200,3200,3200,3200,5.124977111816406,1.0761871337890625,8.424797058105469,1.0983428955078125,0.4510498046875,29.582763671875,6.553916931152344,7.030311584472656,1.0296783447265625,47.99285888671875,43.09663772583008,0.3612213134765625,10.873451232910156,0.39443206787109375,4.5843505859375,10.177459716796875,17089679360,11274289152,7179980800,0
200,1738831695780,5304.474822998047,3200,1,0.9875,64373.62094116211,3200,3200,3200,3200,3200,3200,3200,3200,3200,3200,3200,3200,3200,3200,3200,3200,4.902381896972656,0.197265625,5.014274597167969,0.1621856689453125,0.6305007934570313,0.36199188232421875,5.519950866699219,4.497108459472656,0.21895599365234375,83.0797119140625,13.797309875488281,0.29949951171875,4.894126892089844,0.26343536376953125,0.8816375732421875,2.92950439453125,17089679360,11274289152,7180591104,0
200,1738831695981,5304.600677490234,3200,1,1.025,64377.43688964844,3200,3200,3200,3200,3200,3200,3200,3200,3200,3200,3200,3200,3200,3200,3200,3200,5.693855285644531,0,5.8150482177734375,0.522979736328125,1.2281036376953125,24.634780883789063,9.476081848144531,5.0260467529296875,0.23696136474609375,66.60391235351563,30.092666625976563,0.365020751953125,4.886695861816406,0.04825592041015625,5.419380187988281,6.38763427734375,17089679360,11274289152,7179190272,0
200,1738831696182,5304.716094970703,3200,1,0.9875,64380.96681213379,3200,3200,3200,3200,3200,3200,3200,3200,3200,3200,3200,3200,3200,3200,3200,3200,10.0560302734375,0,6.842826843261719,0,1.120513916015625,2.6776504516601563,1.8931732177734375,4.794441223144531,0.12609100341796875,75.1424560546875,21.634315490722656,0,3.3434600830078125,0,0.3504180908203125,5.60528564453125,17089679360,11274289152,7178657792,0
200,1738831696383,5304.863677978516,3200,1,0.99375,64384.389389038086,3200,3200,3200,3200,3200,3200,3200,3200,3200,3200,3200,3200,3200,3200,3200,3200,5.9473114013671875,0.35044097900390625,11.344772338867188,0.1204986572265625,2.8657455444335938,0.27054595947265625,4.389961242675781,5.1530914306640625,0.26776123046875,74.2560043334961,17.091087341308594,0.9677047729492188,3.2737503051757813,0.2024383544921875,6.0672607421875,3.0662918090820313,17089679360,11274289152,7180201984,0
200,1738831696583,3450.5800170898438,3200,1,0.9812500000000001,64388.32843017578,3200,3200,3200,3200,3200,3200,3200,3200,3200,3200,3200,3200,3200,3200,3200,3200,10.128395080566406,0.32323455810546875,7.993431091308594,0.6935806274414063,1.9610214233398438,29.165138244628906,3.0353469848632813,6.35479736328125,2.1129074096679688,65.1996841430664,33.39811706542969,0.3323974609375,7.068145751953125,0.36476898193359375,5.229072570800781,9.421966552734375,17089679360,11274289152,7179706368,0
200,1738831696784,3450.6806640625,3200,1,0.99375,64391.799865722656,3200,3200,3200,3200,3200,3200,3200,3200,3200,3200,3200,3200,3200,3200,3200,3200,6.8695526123046875,0.1331329345703125,2.734039306640625,0,3.3587570190429688,0,1.929473876953125,8.832809448242188,0,81.04035949707031,17.42687225341797,0.5718841552734375,4.442527770996094,0.06641387939453125,1.1841659545898438,2.7707061767578125,17089679360,11274289152,7178203136,0
200,1738831696985,3188.5567474365234,3200,1,0.99375,64395.56399536133,3200,3200,3200,3200,3200,3200,3200,3200,3200,3200,3200,3200,3200,3200,3200,3200,7.505455017089844,0,6.425537109375,1.314178466796875,3.8087310791015625,24.862022399902344,2.408599853515625,5.118309020996094,0.13225555419921875,62.675315856933594,31.262008666992188,5.6553192138671875,5.718719482421875,0,4.172035217285156,6.780738830566406,17089679360,11274289152,7176810496,0
200,1738831697186,5305.357116699219,3200,1,0.99375,64399.065032958984,3200,3200,3200,3200,3200,3200,3200,3200,3200,3200,3200,3200,3200,3200,3200,3200,4.569206237792969,0.35666656494140625,8.617713928222656,2.0917892456054688,4.3853759765625,3.27020263671875,0.7987594604492188,5.6617431640625,0.375274658203125,66.63855743408203,31.306320190429688,0.36547088623046875,3.578460693359375,0.36761474609375,0.7588577270507813,5.971595764160156,17089679360,11274289152,7177363456,0
200,1738831697387,3451.095901489258,3200,1,0.99375,64402.46255493164,3200,3200,3200,3200,3200,3200,3200,3200,3200,3200,3200,3200,3200,3200,3200,3200,5.394844055175781,0.16761016845703125,6.90960693359375,0.03049468994140625,4.9602203369140625,0.0542755126953125,0.79168701171875,4.6634521484375,0.29273223876953125,70.64385986328125,19.584754943847656,0.1493988037109375,8.408958435058594,0.115570068359375,5.941261291503906,2.8389358520507813,17089679360,11274289152,7180242944,0
200,1738831697588,5305.615478515625,3200,1,1.00625,64406.26336669922,3200,3200,3200,3200,3200,3200,3200,3200,3200,3200,3200,3200,3200,3200,3200,3200,6.39739990234375,0.37990570068359375,9.095901489257813,0.8372268676757813,2.4189300537109375,28.230743408203125,4.731437683105469,6.942169189453125,2.9531707763671875,43.31239700317383,52.31256103515625,0.30997467041015625,8.846023559570313,0.5997772216796875,5.7979736328125,9.157249450683594,17089679360,11274289152,7179407360,0
200,1738831697788,5305.750885009766,3200,1,0.9875,64409.620376586914,3200,3200,3200,3200,3200,3200,3200,3200,3200,3200,3200,3200,3200,3200,3200,3200,5.491340637207031,0.17087554931640625,9.597068786621094,0.4380645751953125,2.8089065551757813,0.37689971923828125,4.4870758056640625,4.3683319091796875,0.2321929931640625,66.80989074707031,21.5596923828125,0.17786407470703125,7.311767578125,0.23583221435546875,0.9043960571289063,3.0680618286132813,17089679360,11274289152,7179194368,0
199,1738831697989,3451.5611114501953,3200,1,0.9812500000000001,64414.07498168945,3200,3200,3200,3200,3200,3200,3200,3200,3200,3200,3200,3200,3200,3200,3200,3200,22.130447387695313,0.5028457641601563,8.739036560058594,1.0545120239257813,4.91632080078125,23.362380981445313,3.6180038452148438,5.755653381347656,3.50115966796875,66.36260986328125,38.040348052978516,0.5345993041992188,54.278995513916016,0.55523681640625,6.052055358886719,6.699378967285156,17089679360,11274289152,7176318976,0
199,1738831698189,5549.471725463867,3200,1,0.99375,64417.02731323242,3200,3200,3200,3200,3200,3200,3200,3200,3200,3200,3200,3200,3200,3200,3200,3200,9.964454650878906,1.5611038208007813,2.68048095703125,0.36763763427734375,0.367034912109375,3.2206039428710938,0.2218170166015625,1.8295822143554688,3.7646942138671875,28.220489501953125,15.924102783203125,0.3011322021484375,1.6985855102539063,0.39661407470703125,0.9143905639648438,2.1190109252929688,17089679360,11274289152,7173283840,0
200,1738831698389,5306.020233154297,3200,1,1,64419.571685791016,3200,3200,3200,3200,3200,3200,3200,3200,3200,3200,3200,3200,3200,3200,3200,3200,3.881866455078125,0.10100555419921875,2.6218490600585938,0.0272369384765625,0.370330810546875,0.19176483154296875,0.8263702392578125,1.8528518676757813,0.6444015502929688,9.39263916015625,4.745323181152344,5.712425231933594,2.120574951171875,0.065521240234375,0.49332427978515625,0.623565673828125,17089679360,11274289152,7173283840,0
200,1738831698590,5306.12629699707,3200,1,0.99375,64423.283599853516,3200,3200,3200,3200,3200,3200,3200,3200,3200,3200,3200,3200,3200,3200,3200,3200,6.3525543212890625,0.18310546875,7.69781494140625,0.6240921020507813,1.669158935546875,26.891632080078125,2.6894378662109375,5.922119140625,0.7075347900390625,40.20350646972656,48.79998016357422,0.138946533203125,4.990058898925781,0.2630615234375,17.890365600585938,7.489723205566406,17089679360,11274289152,7180902400,0
200,1738831698791,5306.259765625,3200,1,0.99375,64426.68327331543,3200,3200,3200,3200,3200,3200,3200,3200,3200,3200,3200,3200,3200,3200,3200,3200,9.551795959472656,0.77288818359375,9.741249084472656,0.20482635498046875,2.1924514770507813,2.3453369140625,3.3639984130859375,4.9208221435546875,0.46472930908203125,72.44099426269531,19.181350708007813,0.39801025390625,4.13873291015625,0.385223388671875,1.2303543090820313,3.3167877197265625,17089679360,11274289152,7181258752,0
200,1738831698992,5306.374252319336,3200,1,0.9875,64430.28987121582,3200,3200,3200,3200,3200,3200,3200,3200,3200,3200,3200,3200,3200,3200,3200,3200,10.483055114746094,0.174774169921875,6.4396820068359375,0.22397613525390625,1.9866104125976563,16.52666473388672,1.0178604125976563,5.7849578857421875,0.49835968017578125,68.27835083007813,26.947433471679688,0.21587371826171875,7.77490234375,0.27069854736328125,2.8550186157226563,5.982917785644531,17089679360,11274289152,7180406784,0
200,1738831699193,2954.6607666015625,3200,1,0.9875,64433.97416687012,3200,3200,3200,3200,3200,3200,3200,3200,3200,3200,3200,3200,3200,3200,3200,3200,17.054718017578125,0.12064361572265625,4.202362060546875,0.7518310546875,3.9796295166015625,12.6661376953125,2.1378250122070313,5.773078918457031,0.48242950439453125,64.74201965332031,32.96746826171875,0.1012420654296875,4.865631103515625,0.37989044189453125,3.782073974609375,5.648109436035156,17089679360,11274289152,7179309056,0
200,1738831699394,5306.58447265625,3200,1,0.9875,64437.425384521484,3200,3200,3200,3200,3200,3200,3200,3200,3200,3200,3200,3200,3200,3200,3200,3200,6.9770965576171875,0,3.7548751831054688,0,4.6578826904296875,0,1.7675628662109375,4.71893310546875,0,76.92594909667969,17.997314453125,0,4.422325134277344,0,0.31835174560546875,2.7127151489257813,17089679360,11274289152,7175139328,0
200,1738831699594,5306.725936889648,3200,1,0.9875,64441.50537109375,3200,3200,3200,3200,3200,3200,3200,3200,3200,3200,3200,3200,3200,3200,3200,3200,13.489822387695313,0.2359619140625,7.6270904541015625,1.853790283203125,2.5080490112304688,27.44597625732422,2.9791183471679688,6.899040222167969,0.6185150146484375,76.87287139892578,12.097221374511719,11.727554321289063,20.7005615234375,0.281646728515625,11.534431457519531,9.313423156738281,17089679360,11274289152,7177498624,0
200,1738831699795,5306.835418701172,3200,1,0.99375,64444.95252990723,3200,3200,3200,3200,3200,3200,3200,3200,3200,3200,3200,3200,3200,3200,3200,3200,6.528526306152344,0.09194183349609375,3.6654510498046875,1.2703933715820313,2.94342041015625,2.432373046875,3.9378890991210938,4.469329833984375,0.22014617919921875,84.55947875976563,13.102821350097656,0.1927337646484375,4.456146240234375,0.11313629150390625,0.6534805297851563,3.5349044799804688,17089679360,11274289152,7172239360,0
200,1738831699996,5306.975509643555,3200,1,0.9875,64448.795486450195,3200,3200,3200,3200,3200,3200,3200,3200,3200,3200,3200,3200,3200,3200,3200,3200,4.631050109863281,0,9.810478210449219,0.3183746337890625,1.5263595581054688,16.95361328125,5.593719482421875,4.970756530761719,0.07044219970703125,55.01228713989258,38.86044692993164,6.045295715332031,6.098396301269531,0,3.4589767456054688,5.745048522949219,17089679360,11274289152,7170932736,0
200,1738831700197,5307.099853515625,3200,1,0.99375,64452.30258178711,3200,3200,3200,3200,3200,3200,3200,3200,3200,3200,3200,3200,3200,3200,3200,3200,6.6569976806640625,0,7.097755432128906,0.02599334716796875,0.724365234375,10.096382141113281,4.130348205566406,5.6526336669921875,0.26314544677734375,77.98587036132813,17.48743438720703,0,8.6549072265625,0.08213043212890625,1.5693359375,4.645782470703125,17089679360,11274289152,7170629632,0
200,1738831700398,5307.212860107422,3200,1,0.9875,64455.700775146484,3200,3200,3200,3200,3200,3200,3200,3200,3200,3200,3200,3200,3200,3200,3200,3200,5.1852264404296875,0.30373382568359375,6.9749298095703125,0.129302978515625,6.261650085449219,0.4784088134765625,4.137367248535156,4.868461608886719,0.40189361572265625,82.39894104003906,8.62896728515625,0.27970123291015625,4.373687744140625,0.2730865478515625,1.3562240600585938,3.1539840698242188,17089679360,11274289152,7170711552,0
200,1738831700599,5307.34831237793,3200,1,0.99375,64459.64521789551,3200,3200,3200,3200,3200,3200,3200,3200,3200,3200,3200,3200,3200,3200,3200,3200,6.336280822753906,0.696258544921875,8.239593505859375,0.6632919311523438,1.5356369018554688,23.624832153320313,8.484962463378906,5.479667663574219,1.3978958129882813,55.421775817871094,42.03009796142578,0.28107452392578125,5.37603759765625,0.235260009765625,11.064064025878906,8.752189636230469,17089679360,11274289152,7177973760,0
200,1738831700800,3453.4505310058594,3200,1,0.99375,64463.01826477051,3200,3200,3200,3200,3200,3200,3200,3200,3200,3200,3200,3200,3200,3200,3200,3200,5.1464691162109375,0.2397003173828125,7.8372650146484375,0.5075149536132813,2.6408004760742188,2.3123397827148438,3.378509521484375,5.074531555175781,0.35094451904296875,86.29193115234375,9.629753112792969,0.37726593017578125,4.0016937255859375,0.21666717529296875,0.8318405151367188,3.2847747802734375,17089679360,11274289152,7177375744,0
200,1738831701000,5307.590270996094,3200,1,0.9875,64466.76103210449,3200,3200,3200,3200,3200,3200,3200,3200,3200,3200,3200,3200,3200,3200,3200,3200,13.502586364746094,0.136810302734375,5.9851226806640625,0.3560943603515625,1.2381134033203125,19.69756317138672,0.42075347900390625,4.506813049316406,3.031402587890625,68.3819351196289,30.74871063232422,0.27451324462890625,5.6197509765625,0.262542724609375,3.6088790893554688,6.071037292480469,17089679360,11274289152,7175634944,0
200,1738831701201,5307.70947265625,3200,1,1.01875,64470.340560913086,3200,3200,3200,3200,3200,3200,3200,3200,3200,3200,3200,3200,3200,3200,3200,3200,6.393623352050781,0.32840728759765625,6.2904815673828125,0.44164276123046875,4.007781982421875,10.041648864746094,1.8541412353515625,5.788787841796875,0.8734359741210938,66.50770568847656,31.628395080566406,0.5236358642578125,4.9005279541015625,0.32940673828125,2.24847412109375,6.339141845703125,17089679360,11274289152,7173734400,0
199,1738831701402,5307.811233520508,3200,1,1.00625,64473.810623168945,3200,3200,3200,3200,3200,3200,3200,3200,3200,3200,3200,3200,3200,3200,3200,3200,11.400405883789063,0.06423187255859375,5.358940124511719,0,7.315742492675781,0.18134307861328125,2.8844680786132813,4.2877960205078125,0.0984039306640625,81.89230346679688,10.293891906738281,0.14353179931640625,6.6604766845703125,0.1277618408203125,0.4327850341796875,2.923126220703125,17089679360,11274289152,7174365184,0
199,1738831701602,5307.944778442383,3200,1,0.9875,64477.65432739258,3200,3200,3200,3200,3200,3200,3200,3200,3200,3200,3200,3200,3200,3200,3200,3200,5.541557312011719,0,7.912193298339844,0.18074798583984375,1.3964767456054688,25.27527618408203,4.636558532714844,6.385688781738281,0.7051162719726563,51.5678596496582,31.94226837158203,0,18.18657684326172,0,10.619163513183594,8.178924560546875,17089679360,11274289152,7177023488,0
200,1738831701802,5308.062210083008,3200,1,0.9875,64481.00076293945,3200,3200,3200,3200,3200,3200,3200,3200,3200,3200,3200,3200,3200,3200,3200,3200,5.1518096923828125,0.2361602783203125,7.586158752441406,0.16741180419921875,1.4454421997070313,2.3246841430664063,3.9500274658203125,5.146965026855469,0.441741943359375,80.43656158447266,16.90662384033203,0.3540191650390625,4.227104187011719,0.5688400268554688,0.946990966796875,3.2863616943359375,17089679360,11274289152,7176437760,0
199,1738831702003,3454.302719116211,3200,1,0.9875,64484.639709472656,3200,3200,3200,3200,3200,3200,3200,3200,3200,3200,3200,3200,3200,3200,3200,3200,4.8977508544921875,0.2574615478515625,6.270599365234375,0.3130340576171875,0.6673202514648438,17.17193603515625,5.829551696777344,5.8808441162109375,0.2219390869140625,77.65239715576172,18.141494750976563,0.2763214111328125,5.535469055175781,0.2543792724609375,3.2687835693359375,6.12432861328125,17089679360,11274289152,7175143424,0
200,1738831702203,5308.302688598633,3200,1,0.99375,64488.32948303223,3200,3200,3200,3200,3200,3200,3200,3200,3200,3200,3200,3200,3200,3200,3200,3200,9.2646484375,0.36093902587890625,6.098976135253906,0.765655517578125,0.951751708984375,11.76934814453125,4.869781494140625,7.565223693847656,1.3833999633789063,62.91163635253906,36.38876724243164,0.33506011962890625,5.4399566650390625,0.2721405029296875,2.6404266357421875,4.9539337158203125,17089679360,11274289152,7172460544,0
200,1738831702404,5308.419830322266,3200,1,0.9875,64491.727447509766,3200,3200,3200,3200,3200,3200,3200,3200,3200,3200,3200,3200,3200,3200,3200,3200,5.840484619140625,0.32398223876953125,7.549736022949219,0.25273895263671875,1.732879638671875,0.5968170166015625,1.421539306640625,4.570533752441406,0.5665130615234375,74.92090606689453,19.872238159179688,0.25890350341796875,7.967491149902344,0.1954193115234375,1.4997482299804688,2.9850692749023438,17089679360,11274289152,7171633152,0
200,1738831702605,5308.562286376953,3200,1,0.9875,64495.92127990723,3200,3200,3200,3200,3200,3200,3200,3200,3200,3200,3200,3200,3200,3200,3200,3200,26.078765869140625,0.9697647094726563,8.427497863769531,1.6664505004882813,3.17633056640625,24.453582763671875,6.3526153564453125,6.4442138671875,4.020286560058594,44.84381866455078,42.330772399902344,0.3029937744140625,23.799758911132813,0.289398193359375,11.963874816894531,8.520545959472656,17089679360,11274289152,7175413760,0
200,1738831702806,5308.672180175781,3200,1,0.99375,64499.37501525879,3200,3200,3200,3200,3200,3200,3200,3200,3200,3200,3200,3200,3200,3200,3200,3200,10.868202209472656,0.6571807861328125,4.033134460449219,1.5949020385742188,1.1974258422851563,3.2694625854492188,1.032379150390625,4.753822326660156,3.1643142700195313,76.41374206542969,21.277633666992188,0.3802947998046875,5.6977386474609375,0.34173583984375,1.053619384765625,3.4012985229492188,17089679360,11274289152,7175720960,0
200,1738831703007,5308.794631958008,3200,1,0.9875,64503.141357421875,3200,3200,3200,3200,3200,3200,3200,3200,3200,3200,3200,3200,3200,3200,3200,3200,7.558418273925781,0.21378326416015625,5.259330749511719,1.5927810668945313,6.1563873291015625,16.494842529296875,3.2569961547851563,4.517143249511719,0.5938796997070313,73.92237091064453,17.69628143310547,6.5142974853515625,9.226570129394531,0.25522613525390625,4.030975341796875,6.34185791015625,17089679360,11274289152,7175462912,0
200,1738831703208,5308.915771484375,3200,1,0.99375,64506.6999206543,3200,3200,3200,3200,3200,3200,3200,3200,3200,3200,3200,3200,3200,3200,3200,3200,7.432304382324219,0,4.831764221191406,1.5120010375976563,4.65283203125,6.808586120605469,3.2029800415039063,5.521484375,0.33547210693359375,73.85099792480469,23.99500274658203,0.00640869140625,7.585845947265625,0,3.4022903442382813,3.7601470947265625,17089679360,11274289152,7174320128,0
200,1738831703409,3455.2487030029297,3200,1,0.9875,64510.18586730957,3200,3200,3200,3200,3200,3200,3200,3200,3200,3200,3200,3200,3200,3200,3200,3200,6.626708984375,0.14453125,7.61895751953125,0.118011474609375,6.0511322021484375,0.22607421875,1.2203598022460938,6.088798522949219,0.1905975341796875,91.20819854736328,3.9508743286132813,0.15438079833984375,2.9296722412109375,0.19318389892578125,1.046875,3.2742996215820313,17089679360,11274289152,7174418432,0
199,1738831703609,5565.850921630859,3200,1,1,64513.985122680664,3200,3200,3200,3200,3200,3200,3200,3200,3200,3200,3200,3200,3200,3200,3200,3200,9.751068115234375,2.532806396484375,3.8197402954101563,2.7942123413085938,2.9830093383789063,26.951026916503906,3.255828857421875,7.197563171386719,3.790008544921875,52.33927536010742,33.574256896972656,1.5441665649414063,6.0300445556640625,1.2695083618164063,11.266441345214844,9.76715087890625,17089679360,11274289152,7175925760,0
199,1738831703810,5309.2208251953125,3200,1,1,64516.30567932129,3200,3200,3200,3200,3200,3200,3200,3200,3200,3200,3200,3200,3200,3200,3200,3200,1.1230697631835938,0.24941253662109375,3.4016647338867188,0,0,0.8353805541992188,0,0.24127197265625,0.403472900390625,0,0.23293304443359375,0,0.1530609130859375,0,1.0844955444335938,0.0847930908203125,17089679360,11274289152,7175897088,0
200,1738831704010,5309.267807006836,3200,1,0.9875,64519.02081298828,3200,3200,3200,3200,3200,3200,3200,3200,3200,3200,3200,3200,3200,3200,3200,3200,4.221168518066406,0.17258453369140625,5.051643371582031,0.28258514404296875,0.1432952880859375,10.061599731445313,0.735504150390625,2.5860214233398438,0.2384033203125,21.98296356201172,20.097007751464844,0.18752288818359375,2.9479293823242188,0.0871124267578125,2.2844924926757813,4.4888153076171875,17089679360,11274289152,7176126464,0
200,1738831704210,5309.397735595703,3200,1,0.99375,64522.79838562012,3200,3200,3200,3200,3200,3200,3200,3200,3200,3200,3200,3200,3200,3200,3200,3200,6.89837646484375,0.2157440185546875,7.045722961425781,0.37483978271484375,3.4199676513671875,16.906005859375,3.1674423217773438,6.0055389404296875,2.300933837890625,52.05179214477539,42.679298400878906,0.28802490234375,9.409034729003906,0.253326416015625,4.045196533203125,6.121925354003906,17089679360,11274289152,7174479872,0
200,1738831704412,3455.8548278808594,3200,1,0.99375,64526.18525695801,3200,3200,3200,3200,3200,3200,3200,3200,3200,3200,3200,3200,3200,3200,3200,3200,5.107215881347656,0.18840789794921875,5.2379150390625,0.158111572265625,1.6037826538085938,0.533233642578125,5.552589416503906,4.777717590332031,0.34661865234375,91.51770782470703,5.707664489746094,0.362884521484375,5.902046203613281,0.23308563232421875,0.5145797729492188,3.0057220458984375,17089679360,11274289152,7175073792,0
200,1738831704612,5309.62956237793,3200,1,0.99375,64530.34336853027,3200,3200,3200,3200,3200,3200,3200,3200,3200,3200,3200,3200,3200,3200,3200,3200,5.996864318847656,0.31288909912109375,6.433128356933594,0.6344757080078125,4.462532043457031,21.58153533935547,4.244575500488281,6.2001495361328125,21.38158416748047,57.31962203979492,41.963462829589844,0.3348236083984375,13.70745849609375,0.32765960693359375,8.536064147949219,6.693824768066406,17089679360,11274289152,7170736128,0
200,1738831704814,5309.7393798828125,3200,1,0.99375,64533.93054199219,3200,3200,3200,3200,3200,3200,3200,3200,3200,3200,3200,3200,3200,3200,3200,3200,5.9703521728515625,0.1640777587890625,6.0005035400390625,0.13243865966796875,2.290130615234375,3.14251708984375,3.8478317260742188,4.695838928222656,0.5261688232421875,76.0287857055664,19.585723876953125,0.34711456298828125,5.633140563964844,0.4026336669921875,6.6999969482421875,5.4750823974609375,17089679360,11274289152,7177158656,0
199,1738831705014,5309.808944702148,3200,1,0.99375,64536.540756225586,3200,3200,3200,3200,3200,3200,3200,3200,3200,3200,3200,3200,3200,3200,3200,3200,2.573516845703125,0.35863494873046875,3.1608123779296875,0.4117889404296875,0.5741119384765625,7.557792663574219,1.2713623046875,1.7366104125976563,0.2979888916015625,16.028709411621094,3.2915802001953125,0.2074432373046875,1.4064788818359375,0.2512664794921875,0.8098526000976563,4.255577087402344,17089679360,11274289152,7177084928,0
199,1738831705214,5309.924392700195,3200,1,1,64539.21292114258,3200,3200,3200,3200,3200,3200,3200,3200,3200,3200,3200,3200,3200,3200,3200,3200,5.3948974609375,0.7685089111328125,6.6661376953125,0.5475997924804688,1.322601318359375,19.437721252441406,3.1141586303710938,4.098777770996094,0.7158889770507813,6.6540985107421875,2.1235885620117188,0.9195098876953125,1.9190216064453125,0.2388458251953125,4.088188171386719,3.653961181640625,17089679360,11274289152,7175847936,0
200,1738831705414,5309.992752075195,3200,1,1,64541.649353027344,3200,3200,3200,3200,3200,3200,3200,3200,3200,3200,3200,3200,3200,3200,3200,3200,3.1652603149414063,0.18169403076171875,2.9500808715820313,0.0043487548828125,1.23284912109375,0.14821624755859375,1.2611846923828125,1.6176834106445313,0.24071502685546875,11.197563171386719,0.7816543579101563,0.7115478515625,1.894927978515625,0.09514617919921875,0.7154922485351563,3.5772247314453125,17089679360,11274289152,7175532544,0
200,1738831705615,5310.079879760742,3200,1,0.9812500000000001,64544.99142456055,3200,3200,3200,3200,3200,3200,3200,3200,3200,3200,3200,3200,3200,3200,3200,3200,6.039833068847656,0.689910888671875,5.9900054931640625,0.73968505859375,1.5303878784179688,25.858840942382813,1.261810302734375,6.2620697021484375,0.7797012329101563,31.239425659179688,36.99176025390625,0.15997314453125,3.783538818359375,0.1288604736328125,4.605155944824219,4.7642822265625,17089679360,11274289152,7170781184,0
200,1738831705816,5310.1898193359375,3200,1,0.99375,64548.442321777344,3200,3200,3200,3200,3200,3200,3200,3200,3200,3200,3200,3200,3200,3200,3200,3200,5.6184539794921875,0.27606964111328125,6.103782653808594,0.6914901733398438,1.6870651245117188,3.3351211547851563,4.26239013671875,6.5074615478515625,0.38477325439453125,77.92402648925781,19.925125122070313,0.2963714599609375,4.004180908203125,0.27989959716796875,1.4563674926757813,5.836219787597656,17089679360,11274289152,7170560000,0
200,1738831706017,5310.330978393555,3200,1,0.9875,64551.934158325195,3200,3200,3200,3200,3200,3200,3200,3200,3200,3200,3200,3200,3200,3200,3200,3200,5.1942291259765625,0.11756134033203125,10.547210693359375,0.04627227783203125,3.8597488403320313,0.1564178466796875,2.4959182739257813,5.148406982421875,0.7118911743164063,76.04095458984375,13.697257995605469,5.82073974609375,6.302085876464844,0.1823883056640625,0.5125350952148438,3.1121902465820313,17089679360,11274289152,7170285568,0
199,1738831706218,5310.464660644531,3200,1,0.99375,64555.81716918945,3200,3200,3200,3200,3200,3200,3200,3200,3200,3200,3200,3200,3200,3200,3200,3200,6.014045715332031,0.3506622314453125,5.663627624511719,2.9918060302734375,1.6575393676757813,27.860191345214844,6.172492980957031,7.879295349121094,2.57464599609375,52.64435577392578,42.719852447509766,0.3302459716796875,6.578399658203125,0.2848663330078125,9.009284973144531,9.313179016113281,17089679360,11274289152,7171887104,0
200,1738831706418,3193.563919067383,3200,1,0.9875,64559.39077758789,3200,3200,3200,3200,3200,3200,3200,3200,3200,3200,3200,3200,3200,3200,3200,3200,4.944427490234375,0.05027008056640625,5.5655975341796875,0,2.4308624267578125,0.22757720947265625,2.609466552734375,4.576171875,0.23612213134765625,79.30911254882813,22.506820678710938,4.3811798095703125,7.185691833496094,0.0465240478515625,0.9665908813476563,3.5868988037109375,17089679360,11274289152,7172231168,0
200,1738831706619,5572.531967163086,3200,1,0.99375,64563.83377075195,3200,3200,3200,3200,3200,3200,3200,3200,3200,3200,3200,3200,3200,3200,3200,3200,17.279632568359375,0.31427764892578125,7.321022033691406,1.8765945434570313,2.6616668701171875,25.01910400390625,4.281700134277344,5.907356262207031,3.2584228515625,58.345985412597656,84.12602996826172,0.5740737915039063,15.467559814453125,0.5015335083007813,5.222831726074219,4.39697265625,17089679360,11274289152,7177080832,0
200,1738831706820,5310.822296142578,3200,1,0.99375,64567.3006439209,3200,3200,3200,3200,3200,3200,3200,3200,3200,3200,3200,3200,3200,3200,3200,3200,5.617622375488281,0.5013885498046875,3.1690902709960938,1.8442230224609375,2.3516082763671875,2.6039352416992188,3.9429092407226563,5.319648742675781,3.40557861328125,71.68148040771484,22.838226318359375,0.4962921142578125,8.006111145019531,0.564605712890625,1.1638259887695313,5.657127380371094,17089679360,11274289152,7176855552,0
200,1738831707021,5310.934585571289,3200,1,0.9875,64570.73654174805,3200,3200,3200,3200,3200,3200,3200,3200,3200,3200,3200,3200,3200,3200,3200,3200,4.825187683105469,0,6.701377868652344,0,2.8123397827148438,0.12055206298828125,1.4159469604492188,4.248039245605469,0,89.97622680664063,5.074134826660156,0,6.492683410644531,0,0.2657470703125,4.2137908935546875,17089679360,11274289152,7176941568,0
200,1738831707222,5311.074081420898,3200,1,0.99375,64574.62641906738,3200,3200,3200,3200,3200,3200,3200,3200,3200,3200,3200,3200,3200,3200,3200,3200,8.739143371582031,0,7.2815399169921875,0.6120986938476563,4.618598937988281,27.25617218017578,3.491546630859375,6.215690612792969,0.464202880859375,54.526145935058594,42.832557678222656,0,5.265342712402344,0,10.152740478515625,6.620246887207031,17089679360,11274289152,7184449536,0
200,1738831707422,5311.185333251953,3200,1,0.99375,64578.0711517334,3200,3200,3200,3200,3200,3200,3200,3200,3200,3200,3200,3200,3200,3200,3200,3200,4.692787170410156,0,6.179252624511719,0,7.21966552734375,0,2.5926971435546875,4.710884094238281,0,77.10286712646484,15.037422180175781,0,2.6175613403320313,0.10712432861328125,0.20557403564453125,2.7005233764648438,17089679360,11274289152,7184535552,0
200,1738831707623,5311.332992553711,3200,1,0.99375,64582.0090637207,3200,3200,3200,3200,3200,3200,3200,3200,3200,3200,3200,3200,3200,3200,3200,3200,5.6973114013671875,0.21378326416015625,10.653671264648438,0.42546844482421875,7.0467071533203125,24.603904724121094,5.079345703125,6.696708679199219,1.0292510986328125,62.74431610107422,44.483787536621094,0.267608642578125,9.001136779785156,0.34601593017578125,4.749847412109375,6.505165100097656,17089679360,11274289152,7183278080,0
200,1738831707824,5311.456359863281,3200,1,0.9875,64585.649673461914,3200,3200,3200,3200,3200,3200,3200,3200,3200,3200,3200,3200,3200,3200,3200,3200,10.038627624511719,0.0970458984375,7.5536346435546875,0.07177734375,3.1760406494140625,4.039848327636719,1.4433975219726563,5.5844268798828125,0.9450531005859375,71.02555084228516,19.453155517578125,4.2304534912109375,15.256248474121094,0.2361602783203125,1.1352615356445313,5.67694091796875,17089679360,11274289152,7183228928,0
200,1738831708025,5311.557418823242,3200,1,0.99375,64589.034408569336,3200,3200,3200,3200,3200,3200,3200,3200,3200,3200,3200,3200,3200,3200,3200,3200,6.8389739990234375,0.23711395263671875,5.444709777832031,0.1593475341796875,2.2437515258789063,0.30303192138671875,2.919464111328125,4.501289367675781,0.37601470947265625,87.33084869384766,10.083457946777344,0.2823333740234375,3.5286636352539063,0.22074127197265625,1.09490966796875,3.001708984375,17089679360,11274289152,7183319040,0
200,1738831708226,5311.727920532227,3200,1,0.99375,64592.97886657715,3200,3200,3200,3200,3200,3200,3200,3200,3200,3200,3200,3200,3200,3200,3200,3200,5.859916687011719,0.22736358642578125,15.050689697265625,0.7642288208007813,2.5589141845703125,25.8470458984375,6.9302215576171875,7.718231201171875,0.6470184326171875,35.66950988769531,58.22679138183594,0.32816314697265625,6.308380126953125,0.32785797119140625,8.886444091796875,8.091468811035156,17089679360,11274289152,7184842752,0
200,1738831708426,5311.8408203125,3200,1,0.99375,64596.493881225586,3200,3200,3200,3200,3200,3200,3200,3200,3200,3200,3200,3200,3200,3200,3200,3200,5.212348937988281,0.18778228759765625,6.7012481689453125,0.1644439697265625,2.692962646484375,0.2970123291015625,0.7493362426757813,4.652442932128906,0.43003082275390625,83.00901794433594,13.439064025878906,0.27362060546875,8.958045959472656,0.23432159423828125,0.6330795288085938,2.9795989990234375,17089679360,11274289152,7184465920,0
199,1738831708628,5311.971343994141,3200,1,0.99375,64600.25164794922,3200,3200,3200,3200,3200,3200,3200,3200,3200,3200,3200,3200,3200,3200,3200,3200,5.2379150390625,0.08184051513671875,8.361900329589844,0.2553253173828125,1.608612060546875,26.115310668945313,5.615730285644531,6.3935394287109375,0.2710418701171875,64.2303466796875,32.9722900390625,0.15805816650390625,5.452293395996094,0.10054779052734375,4.5383148193359375,6.824981689453125,17089679360,11274289152,7184400384,0
200,1738831708828,5312.070083618164,3200,1,0.99375,64603.92988586426,3200,3200,3200,3200,3200,3200,3200,3200,3200,3200,3200,3200,3200,3200,3200,3200,7.620491027832031,0.1915130615234375,4.880607604980469,0.09740447998046875,3.2985916137695313,3.1234054565429688,2.0211639404296875,6.361083984375,0.3762359619140625,72.20225524902344,47.0272216796875,0.17359161376953125,5.8460540771484375,0.21747589111328125,1.2301025390625,5.7841033935546875,17089679360,11274289152,7181856768,0
199,1738831709029,3458.9861602783203,3200,1,0.9875,64607.50289916992,3200,3200,3200,3200,3200,3200,3200,3200,3200,3200,3200,3200,3200,3200,3200,3200,4.67572021484375,0,5.5598297119140625,0,8.017189025878906,0,1.9214096069335938,8.240242004394531,0,80.59735107421875,18.6949462890625,0.30500030517578125,4.4780731201171875,0,0.5819015502929688,2.7768630981445313,17089679360,11274289152,7182073856,0
200,1738831709229,5580.518463134766,3200,1,1,64611.29170227051,3200,3200,3200,3200,3200,3200,3200,3200,3200,3200,3200,3200,3200,3200,3200,3200,7.2287139892578125,0,4.7581024169921875,0.76666259765625,2.8354568481445313,26.089797973632813,3.8871383666992188,6.8885345458984375,2.5359268188476563,39.87862777709961,38.22723388671875,0.5882110595703125,5.506935119628906,0.0029144287109375,9.967056274414063,7.4536895751953125,17089679360,11274289152,7184859136,0
200,1738831709429,5312.342178344727,3200,1,0.9875,64613.66198730469,3200,3200,3200,3200,3200,3200,3200,3200,3200,3200,3200,3200,3200,3200,3200,3200,2.161895751953125,0,2.3651046752929688,0,0.1524810791015625,1.8824996948242188,1.1116561889648438,1.5863723754882813,0.1631622314453125,4.719718933105469,0.4339752197265625,0.06415557861328125,0.621856689453125,0.0486297607421875,0.1089935302734375,0.41130828857421875,17089679360,11274289152,7184826368,0
200,1738831709630,5581.098495483398,3200,1,0.9812500000000001,64617.19613647461,3200,3200,3200,3200,3200,3200,3200,3200,3200,3200,3200,3200,3200,3200,3200,3200,9.569709777832031,0.17636871337890625,7.642524719238281,0.2639007568359375,1.45635986328125,10.198280334472656,5.49658203125,6.005973815917969,0.9676666259765625,52.850608825683594,34.72156524658203,0.5562210083007813,21.0205078125,0.19641876220703125,1.9773941040039063,5.928443908691406,17089679360,11274289152,7180668928,0
200,1738831709830,5312.514938354492,3200,1,0.9875,64620.98132324219,3200,3200,3200,3200,3200,3200,3200,3200,3200,3200,3200,3200,3200,3200,3200,3200,12.960403442382813,0.2926177978515625,4.683067321777344,2.0443954467773438,2.1354598999023438,18.923141479492188,3.0967025756835938,5.9238433837890625,0.701171875,57.457916259765625,39.367401123046875,0.40535736083984375,5.484443664550781,0.31453704833984375,2.812164306640625,6.61712646484375,17089679360,11274289152,7172218880,0
200,1738831710031,5312.622909545898,3200,1,0.99375,64624.44227600098,3200,3200,3200,3200,3200,3200,3200,3200,3200,3200,3200,3200,3200,3200,3200,3200,5.158882141113281,0.1090087890625,5.9666900634765625,0.07935333251953125,2.5274734497070313,0.2574615478515625,3.8776779174804688,5.141716003417969,0.7978668212890625,85.03898620605469,11.521743774414063,0.3068695068359375,3.8986740112304688,0.1535797119140625,0.6092071533203125,2.9632492065429688,17089679360,11274289152,7169400832,0
200,1738831710232,3195.5113677978516,3200,1,0.9875,64628.357177734375,3200,3200,3200,3200,3200,3200,3200,3200,3200,3200,3200,3200,3200,3200,3200,3200,6.299583435058594,0.1250762939453125,8.745750427246094,0.7397994995117188,3.7406845092773438,25.027000427246094,3.3326263427734375,5.893516540527344,0.6352691650390625,61.81586456298828,50.427734375,0.12268829345703125,5.748291015625,0.14313507080078125,4.821678161621094,8.678886413574219,17089679360,11274289152,7173566464,0
200,1738831710433,3195.6832885742188,3200,1,0.99375,64632.82888793945,3200,3200,3200,3200,3200,3200,3200,3200,3200,3200,3200,3200,3200,3200,3200,3200,15.917312622070313,0.13860321044921875,5.27117919921875,0.02074432373046875,2.821533203125,2.1755142211914063,1.9593505859375,6.0865020751953125,0.56671142578125,67.89990234375,100,0.29611968994140625,32.77507781982422,0.5719375610351563,6.5357513427734375,3.1169586181640625,17089679360,11274289152,7184809984,0
200,1738831710634,3460.0306701660156,3200,1,0.9875,64636.81396484375,3200,3200,3200,3200,3200,3200,3200,3200,3200,3200,3200,3200,3200,3200,3200,3200,6.173622131347656,0.000152587890625,5.537803649902344,0.0328826904296875,6.837852478027344,12.794609069824219,4.657806396484375,4.6085968017578125,2.8669586181640625,70.67765808105469,43.9632682800293,0.04825592041015625,17.208480834960938,0.00582122802734375,2.2294998168945313,5.8580474853515625,17089679360,11274289152,7189037056,0
200,1738831710835,5313.146789550781,3200,1,0.99375,64640.52169799805,3200,3200,3200,3200,3200,3200,3200,3200,3200,3200,3200,3200,3200,3200,3200,3200,6.4798431396484375,0.16558837890625,10.266868591308594,0.36603546142578125,3.1094970703125,14.8521728515625,4.136726379394531,6.302284240722656,0.5514602661132813,64.42416381835938,27.470176696777344,0.281585693359375,9.535202026367188,0.2342529296875,6.776763916015625,5.685569763183594,17089679360,11274289152,7188312064,0
200,1738831711036,3460.294448852539,3200,1,0.9875,64643.88116455078,3200,3200,3200,3200,3200,3200,3200,3200,3200,3200,3200,3200,3200,3200,3200,3200,4.8952789306640625,0.1729888916015625,7.158012390136719,0.09268951416015625,2.0426788330078125,0.4127960205078125,1.6675491333007813,4.480987548828125,1.3471450805664063,75.68844604492188,19.057510375976563,0.2696075439453125,4.6486053466796875,0.23189544677734375,0.60986328125,2.9631500244140625,17089679360,11274289152,7188389888,0
200,1738831711237,5313.379608154297,3200,1,1.0125000000000002,64647.705490112305,3200,3200,3200,3200,3200,3200,3200,3200,3200,3200,3200,3200,3200,3200,3200,3200,7.1790313720703125,0.35094451904296875,4.627410888671875,1.6668472290039063,3.3093719482421875,25.804107666015625,8.171852111816406,7.560768127441406,0.6393966674804688,52.67924880981445,41.12778091430664,0.45969390869140625,5.439247131347656,0.4792022705078125,5.2164154052734375,9.301292419433594,17089679360,11274289152,7187320832,0
200,1738831711438,5313.491394042969,3200,1,0.99375,64651.36518859863,3200,3200,3200,3200,3200,3200,3200,3200,3200,3200,3200,3200,3200,3200,3200,3200,6.6681671142578125,0.0804290771484375,6.864433288574219,0,4.7219696044921875,1.9932098388671875,2.059295654296875,6.235603332519531,0.3603057861328125,75.70005798339844,32.45306396484375,0.0838165283203125,6.04302978515625,0.07032012939453125,6.534904479980469,2.6194992065429688,17089679360,11274289152,7193858048,0
200,1738831711639,3196.271987915039,3200,1,0.9875,64654.97302246094,3200,3200,3200,3200,3200,3200,3200,3200,3200,3200,3200,3200,3200,3200,3200,3200,5.1185455322265625,0.22701263427734375,9.143379211425781,1.570831298828125,3.7334365844726563,16.181556701660156,1.6949081420898438,5.9870452880859375,0.449249267578125,57.53740310668945,40.020687103271484,0.28333282470703125,3.0096664428710938,0.35387420654296875,3.4537429809570313,6.4206695556640625,17089679360,11274289152,7193915392,0
200,1738831711840,5313.770095825195,3200,1,0.99375,64658.68408203125,3200,3200,3200,3200,3200,3200,3200,3200,3200,3200,3200,3200,3200,3200,3200,3200,5.4351043701171875,0.24338531494140625,8.358978271484375,1.741119384765625,4.151802062988281,12.586402893066406,1.7135543823242188,8.80316162109375,0.457366943359375,65.0357666015625,31.021392822265625,0.32135009765625,4.550514221191406,0.7622528076171875,2.606353759765625,6.140586853027344,17089679360,11274289152,7193587712,0
200,1738831712041,5313.881134033203,3200,1,0.99375,64662.134368896484,3200,3200,3200,3200,3200,3200,3200,3200,3200,3200,3200,3200,3200,3200,3200,3200,5.1622314453125,0.1951751708984375,6.7551116943359375,0.0953216552734375,6.278999328613281,0.27910614013671875,5.8396453857421875,4.9019317626953125,0.4240264892578125,66.55587005615234,31.31159210205078,0.19527435302734375,3.8958663940429688,0.12731170654296875,0.7309951782226563,2.9785995483398438,17089679360,11274289152,7193821184,0
200,1738831712242,3461.1766815185547,3200,1,0.99375,64665.95909118652,3200,3200,3200,3200,3200,3200,3200,3200,3200,3200,3200,3200,3200,3200,3200,3200,6.69757080078125,0.2082061767578125,9.400459289550781,1.0528411865234375,4.3476715087890625,21.862274169921875,6.321250915527344,5.848716735839844,0.6177597045898438,56.32938766479492,39.19234848022461,0.25945281982421875,5.880851745605469,0.27030181884765625,4.334831237792969,9.021255493164063,17089679360,11274289152,7192735744,0
200,1738831712442,5314.134780883789,3200,1,0.99375,64669.5241394043,3200,3200,3200,3200,3200,3200,3200,3200,3200,3200,3200,3200,3200,3200,3200,3200,5.45843505859375,0.753204345703125,5.385215759277344,0.16033935546875,2.1557159423828125,2.465423583984375,2.984771728515625,4.676734924316406,3.2628097534179688,72.12112426757813,19.66173553466797,0.890411376953125,14.96966552734375,1.0684280395507813,1.2892303466796875,3.3132400512695313,17089679360,11274289152,7195209728,0
200,1738831712643,3461.4309997558594,3200,1,0.9875,64673.17999267578,3200,3200,3200,3200,3200,3200,3200,3200,3200,3200,3200,3200,3200,3200,3200,3200,8.043601989746094,0.386962890625,7.856193542480469,0.6091461181640625,6.375114440917969,18.51111602783203,1.8577957153320313,4.783485412597656,0.5742721557617188,58.52556610107422,35.57379150390625,0.43253326416015625,6.142181396484375,0.43880462646484375,3.4725570678710938,6.365608215332031,17089679360,11274289152,7193669632,0
200,1738831712844,2973.485626220703,3200,1,0.9875,64676.8766784668,3200,3200,3200,3200,3200,3200,3200,3200,3200,3200,3200,3200,3200,3200,3200,3200,10.377212524414063,0,2.5943145751953125,0.19582366943359375,0.38758087158203125,9.583457946777344,5.30267333984375,6.0797882080078125,0.31311798095703125,75.66365051269531,23.012413024902344,0.006561279296875,5.633537292480469,0.0169830322265625,3.32513427734375,5.424537658691406,17089679360,11274289152,7193174016,0
200,1738831713045,3196.9900512695313,3200,1,0.99375,64680.26737976074,3200,3200,3200,3200,3200,3200,3200,3200,3200,3200,3200,3200,3200,3200,3200,3200,5.1898193359375,0.15746307373046875,4.782508850097656,0.10915374755859375,0.181243896484375,0.35785675048828125,4.8632049560546875,4.299774169921875,0.38611602783203125,80.2418212890625,17.460784912109375,0.164031982421875,4.740264892578125,0.13970184326171875,0.6204452514648438,2.8375473022460938,17089679360,11274289152,7193284608,0
200,1738831713246,5314.575454711914,3200,1,0.99375,64684.0948638916,3200,3200,3200,3200,3200,3200,3200,3200,3200,3200,3200,3200,3200,3200,3200,3200,8.406425476074219,4.345283508300781,6.888671875,1.1745986938476563,1.8859329223632813,27.218490600585938,4.118904113769531,7.909080505371094,1.4813308715820313,60.68974304199219,35.554908752441406,0.8097000122070313,5.396537780761719,0.54486083984375,4.435791015625,9.358665466308594,17089679360,11274289152,7191470080,0
200,1738831713447,5314.691650390625,3200,1,0.99375,64687.661209106445,3200,3200,3200,3200,3200,3200,3200,3200,3200,3200,3200,3200,3200,3200,3200,3200,5.52972412109375,0.2788543701171875,6.9783172607421875,0.22278594970703125,4.375648498535156,2.255859375,3.2084426879882813,6.942352294921875,0.5515899658203125,71.1613998413086,25.73737335205078,1.0426788330078125,3.1476974487304688,0.4228363037109375,6.226234436035156,3.4477920532226563,17089679360,11274289152,7196246016,0
200,1738831713648,5314.791061401367,3200,1,0.9875,64691.11697387695,3200,3200,3200,3200,3200,3200,3200,3200,3200,3200,3200,3200,3200,3200,3200,3200,6.817657470703125,0,3.3800506591796875,0.21378326416015625,11.250343322753906,0.03333282470703125,6.092033386230469,4.767364501953125,0.10129547119140625,62.87976837158203,30.422073364257813,0.07398223876953125,2.83154296875,0.1092071533203125,3.414276123046875,5.6925811767578125,17089679360,11274289152,7196356608,0
200,1738831713849,5314.906600952148,3200,1,0.99375,64694.90197753906,3200,3200,3200,3200,3200,3200,3200,3200,3200,3200,3200,3200,3200,3200,3200,3200,8.258262634277344,0.06467437744140625,4.4719696044921875,0.7842254638671875,3.06634521484375,20.956703186035156,9.603546142578125,8.717140197753906,3.2488479614257813,51.134456634521484,40.2935905456543,0.2524566650390625,7.490875244140625,0.12670135498046875,4.864776611328125,6.0607452392578125,17089679360,11274289152,7195697152,0
200,1738831714050,5315.014343261719,3200,1,0.99375,64698.25939941406,3200,3200,3200,3200,3200,3200,3200,3200,3200,3200,3200,3200,3200,3200,3200,3200,4.6537628173828125,0.09615325927734375,6.276771545410156,0,0.28130340576171875,0.04665374755859375,5.416069030761719,4.332511901855469,0.1260528564453125,78.85267639160156,16.12555694580078,0.0590972900390625,3.783660888671875,0.07544708251953125,0.323150634765625,2.9351119995117188,17089679360,11274289152,7195705344,0
200,1738831714250,5315.143859863281,3200,1,0.99375,64702.087142944336,3200,3200,3200,3200,3200,3200,3200,3200,3200,3200,3200,3200,3200,3200,3200,3200,6.212188720703125,0.1433868408203125,7.618316650390625,0.83807373046875,1.634033203125,25.808731079101563,2.817779541015625,6.345855712890625,0.9587326049804688,50.36000442504883,46.3132209777832,0.165863037109375,6.3332977294921875,0.18100738525390625,5.289787292480469,6.309120178222656,17089679360,11274289152,7194361856,0
200,1738831714450,5315.252883911133,3200,1,0.99375,64705.6259765625,3200,3200,3200,3200,3200,3200,3200,3200,3200,3200,3200,3200,3200,3200,3200,3200,6.544334411621094,0.8125839233398438,6.2734375,0.022613525390625,1.6756973266601563,3.1514434814453125,3.712158203125,6.843788146972656,0.42276763916015625,60.839847564697266,27.97974395751953,0.22351837158203125,5.681968688964844,0.1099395751953125,14.308990478515625,5.173332214355469,17089679360,11274289152,7196102656,0
199,1738831714651,5315.370910644531,3200,1,0.9875,64709.245834350586,3200,3200,3200,3200,3200,3200,3200,3200,3200,3200,3200,3200,3200,3200,3200,3200,6.460685729980469,0.47010040283203125,7.1595458984375,0.5277633666992188,2.574249267578125,0.47751617431640625,5.978248596191406,5.4535675048828125,0.6201019287109375,83.52845001220703,10.237083435058594,16.550804138183594,7.951194763183594,0.46318817138671875,1.2434921264648438,3.6002197265625,17089679360,11274289152,7194058752,0
200,1738831714852,5596.400329589844,3200,1,1,64712.95426940918,3200,3200,3200,3200,3200,3200,3200,3200,3200,3200,3200,3200,3200,3200,3200,3200,5.51806640625,0.7865142822265625,7.005470275878906,0.8518524169921875,1.7893829345703125,28.03546905517578,6.253242492675781,8.480476379394531,3.1324234008789063,35.43529510498047,29.733070373535156,4.259857177734375,10.1536865234375,0.5214767456054688,4.933448791503906,8.522010803222656,17089679360,11274289152,7174680576,0
199,1738831715052,5315.542266845703,3200,1,1,64715.27159118652,3200,3200,3200,3200,3200,3200,3200,3200,3200,3200,3200,3200,3200,3200,3200,3200,1.8033218383789063,0,2.2788772583007813,0,0,0.1240234375,0.32912445068359375,0.5570220947265625,0.21273040771484375,0.2996368408203125,4.6468048095703125,5.8589324951171875,0.9940109252929688,0.01770782470703125,0.19671630859375,0.24126434326171875,17089679360,11274289152,7173771264,0
200,1738831715252,5315.62516784668,3200,1,0.99375,64718.317810058594,3200,3200,3200,3200,3200,3200,3200,3200,3200,3200,3200,3200,3200,3200,3200,3200,5.2076873779296875,0.19510650634765625,6.061187744140625,1.057098388671875,1.7093582153320313,23.368881225585938,4.2917938232421875,5.060585021972656,0.9207839965820313,14.754920959472656,21.575904846191406,0.34450531005859375,10.073013305664063,0.43431854248046875,4.9725189208984375,4.454582214355469,17089679360,11274289152,7172562944,0
200,1738831715453,5315.76350402832,3200,1,0.99375,64721.742263793945,3200,3200,3200,3200,3200,3200,3200,3200,3200,3200,3200,3200,3200,3200,3200,3200,5.549186706542969,0.15477752685546875,8.783073425292969,1.466156005859375,1.2331924438476563,3.1969146728515625,2.7425079345703125,5.37744140625,0.34229278564453125,67.27261352539063,29.664947509765625,0.28057098388671875,3.727813720703125,0.214202880859375,1.22186279296875,4.965095520019531,17089679360,11274289152,7172612096,0
200,1738831715654,5315.894149780273,3200,1,0.9875,64725.25199890137,3200,3200,3200,3200,3200,3200,3200,3200,3200,3200,3200,3200,3200,3200,3200,3200,9.381805419921875,0,7.201019287109375,0.7013397216796875,6.617988586425781,0.5864639282226563,3.225860595703125,5.214408874511719,0.18959808349609375,79.94052124023438,11.041152954101563,0.1144256591796875,7.282859802246094,0.11775970458984375,8.02972412109375,5.738883972167969,17089679360,11274289152,7176876032,0
200,1738831715854,3463.6587524414063,3200,1,1.025,64729.11215209961,3200,3200,3200,3200,3200,3200,3200,3200,3200,3200,3200,3200,3200,3200,3200,3200,6.266838073730469,0.07352447509765625,5.3048095703125,1.515289306640625,2.4405746459960938,21.214874267578125,9.370132446289063,5.712074279785156,0.8256072998046875,53.54962921142578,40.262271881103516,0.1204376220703125,13.444229125976563,0,6.514625549316406,5.8969573974609375,17089679360,11274289152,7174537216,0
200,1738831716055,5316.139724731445,3200,1,0.99375,64732.46437072754,3200,3200,3200,3200,3200,3200,3200,3200,3200,3200,3200,3200,3200,3200,3200,3200,6.042991638183594,0.18273162841796875,6.701591491699219,0.10497283935546875,3.9993743896484375,0.12900543212890625,2.5745086669921875,4.794342041015625,0.27581787109375,76.13162231445313,18.83453369140625,0.26332855224609375,2.2127227783203125,0.24745941162109375,0.5513381958007813,3.0809707641601563,17089679360,11274289152,7174619136,0
200,1738831716256,5316.26188659668,3200,1,0.99375,64736.28402709961,3200,3200,3200,3200,3200,3200,3200,3200,3200,3200,3200,3200,3200,3200,3200,3200,10.678619384765625,0.0880126953125,4.445426940917969,1.632293701171875,3.1922454833984375,24.015045166015625,9.489761352539063,5.4157257080078125,0.760345458984375,44.340789794921875,47.47740936279297,0.13642120361328125,4.391693115234375,0.11965179443359375,4.133583068847656,6.69757080078125,17089679360,11274289152,7172960256,0
200,1738831716457,5316.384246826172,3200,1,0.99375,64739.71694946289,3200,3200,3200,3200,3200,3200,3200,3200,3200,3200,3200,3200,3200,3200,3200,3200,4.6799163818359375,0,6.544822692871094,1.0182723999023438,2.9060592651367188,2.6903228759765625,2.8968505859375,5.292091369628906,0,79.83443450927734,14.739875793457031,0.00795745849609375,3.09521484375,0,0.24286651611328125,5.652587890625,17089679360,11274289152,7173517312,0
200,1738831716658,5316.498229980469,3200,1,0.99375,64743.32588195801,3200,3200,3200,3200,3200,3200,3200,3200,3200,3200,3200,3200,3200,3200,3200,3200,5.3993377685546875,0.5434341430664063,6.775108337402344,0.109649658203125,4.835060119628906,0.06870269775390625,10.61798095703125,4.968994140625,1.4297943115234375,75.58075714111328,27.793663024902344,0.29592132568359375,7.395904541015625,0.21860504150390625,1.4883575439453125,3.0980987548828125,17089679360,11274289152,7176253440,0
200,1738831716859,5316.640777587891,3200,1,0.99375,64747.15425109863,3200,3200,3200,3200,3200,3200,3200,3200,3200,3200,3200,3200,3200,3200,3200,3200,8.019416809082031,0,6.3888702392578125,2.555389404296875,3.0214385986328125,26.993629455566406,3.7257843017578125,5.35247802734375,0.5765457153320313,44.861148834228516,45.6153450012207,0,5.392425537109375,0,7.131919860839844,8.754959106445313,17089679360,11274289152,7175532544,0
200,1738831717060,3198.99755859375,3200,1,0.99375,64750.58256530762,3200,3200,3200,3200,3200,3200,3200,3200,3200,3200,3200,3200,3200,3200,3200,3200,5.619422912597656,0,4.741172790527344,0,0.9190521240234375,0,4.0153656005859375,4.354866027832031,0.07855224609375,82.49242401123047,13.737060546875,0,4.280670166015625,0,0.338653564453125,2.7263107299804688,17089679360,11274289152,7175630848,0
200,1738831717260,3464.6087799072266,3200,1,0.9875,64754.339599609375,3200,3200,3200,3200,3200,3200,3200,3200,3200,3200,3200,3200,3200,3200,3200,3200,8.052833557128906,0.101959228515625,8.050735473632813,0.5471038818359375,1.9882278442382813,22.83753204345703,2.119720458984375,5.391746520996094,0.8776168823242188,58.25440216064453,32.52803039550781,0.31140899658203125,9.791358947753906,0.1698455810546875,4.485649108886719,6.277992248535156,17089679360,11274289152,7172947968,0
200,1738831717461,5316.980850219727,3200,1,0.9875,64757.884674072266,3200,3200,3200,3200,3200,3200,3200,3200,3200,3200,3200,3200,3200,3200,3200,3200,6.043487548828125,0.1790008544921875,4.620933532714844,0.48171234130859375,3.498046875,5.314491271972656,4.543067932128906,5.5902862548828125,0.40584564208984375,65.90733337402344,28.792335510253906,0.22475433349609375,8.98455810546875,0.419952392578125,1.2312469482421875,6.151451110839844,17089679360,11274289152,7172526080,0
200,1738831717662,5317.092224121094,3200,1,0.99375,64761.41606140137,3200,3200,3200,3200,3200,3200,3200,3200,3200,3200,3200,3200,3200,3200,3200,3200,5.448722839355469,0.2826385498046875,6.850959777832031,0.23059844970703125,2.892242431640625,0.5029373168945313,4.173545837402344,4.495330810546875,0.44586944580078125,84.00787353515625,14.0916748046875,0.4093017578125,4.5454864501953125,0.3403472900390625,6.0582733154296875,3.1632919311523438,17089679360,11274289152,7176048640,0
199,1738831717863,5317.252578735352,3200,1,0.99375,64765.21812438965,3200,3200,3200,3200,3200,3200,3200,3200,3200,3200,3200,3200,3200,3200,3200,3200,8.488945007324219,0.1541290283203125,11.471900939941406,0.961151123046875,3.0410614013671875,24.972366333007813,2.7837982177734375,7.2563018798828125,0.7213973999023438,40.1612434387207,48.31526565551758,0.20502471923828125,11.676971435546875,0.17403411865234375,5.197441101074219,7.404266357421875,17089679360,11274289152,7175614464,0
200,1738831718063,5317.364639282227,3200,1,0.99375,64768.6120300293,3200,3200,3200,3200,3200,3200,3200,3200,3200,3200,3200,3200,3200,3200,3200,3200,5.430717468261719,0.5932540893554688,5.529426574707031,0,6.3982696533203125,2.047210693359375,1.0435714721679688,4.648193359375,0.24610137939453125,68.75984191894531,26.94257354736328,0.0927581787109375,5.1854705810546875,0.04367828369140625,0.6634750366210938,3.1920852661132813,17089679360,11274289152,7175340032,0
200,1738831718264,3465.2599334716797,3200,1,0.9875,64772.22067260742,3200,3200,3200,3200,3200,3200,3200,3200,3200,3200,3200,3200,3200,3200,3200,3200,6.0986480712890625,0,6.94189453125,0.363250732421875,4.133399963378906,6.0719451904296875,4.593048095703125,4.853797912597656,0,73.0597152709961,18.74944305419922,0,8.692893981933594,0,0.2525482177734375,5.839195251464844,17089679360,11274289152,7174131712,0
200,1738831718465,5317.621078491211,3200,1,0.99375,64775.967544555664,3200,3200,3200,3200,3200,3200,3200,3200,3200,3200,3200,3200,3200,3200,3200,3200,11.721565246582031,0.19281005859375,9.029563903808594,0.25145721435546875,1.16552734375,20.48155975341797,2.9572906494140625,5.38494873046875,0.3914947509765625,52.470237731933594,44.38428497314453,0.2109222412109375,4.5153045654296875,0.22121429443359375,4.553260803222656,6.2603607177734375,17089679360,11274289152,7174033408,0
200,1738831718666,3465.565399169922,3200,1,0.9875,64779.487243652344,3200,3200,3200,3200,3200,3200,3200,3200,3200,3200,3200,3200,3200,3200,3200,3200,7.439598083496094,0,4.690437316894531,3.7400665283203125,1.6360702514648438,0,4.706565856933594,4.4825286865234375,0,74.5031967163086,20.432830810546875,2.47021484375,2.5201644897460938,0,7.5042724609375,2.43359375,17089679360,11274289152,7175798784,0
200,1738831718867,5317.880661010742,3200,1,0.9875,64783.7805480957,3200,3200,3200,3200,3200,3200,3200,3200,3200,3200,3200,3200,3200,3200,3200,3200,14.792228698730469,0.1160430908203125,6.1512298583984375,0.7512893676757813,1.7843704223632813,24.54833984375,5.8736572265625,6.417472839355469,13.8697509765625,52.041648864746094,46.736759185791016,7.382331848144531,6.493507385253906,20.23761749267578,19.518402099609375,5.9561309814453125,17089679360,11274289152,7176667136,0
200,1738831719068,5318.005828857422,3200,1,0.9875,64788.42448425293,3200,3200,3200,3200,3200,3200,3200,3200,3200,3200,3200,3200,3200,3200,3200,3200,21.60742950439453,0.4086456298828125,6.613853454589844,0.0832672119140625,0.8715591430664063,2.4023056030273438,1.2565765380859375,7.661888122558594,3.310546875,69.87454986572266,87.06169128417969,0.2750244140625,7.858924865722656,55.850914001464844,1.3125076293945313,4.460693359375,17089679360,11274289152,7186059264,0
199,1738831719269,3466.0939025878906,3200,1,0.9875,64791.99432373047,3200,3200,3200,3200,3200,3200,3200,3200,3200,3200,3200,3200,3200,3200,3200,3200,6.1370391845703125,0.2457733154296875,6.797882080078125,0.40218353271484375,3.6480941772460938,9.139961242675781,0.4931793212890625,4.6656494140625,0.24974822998046875,76.22801971435547,21.11656951904297,0.20825958251953125,5.222015380859375,0.4446258544921875,1.9910354614257813,5.8256988525390625,17089679360,11274289152,7184424960,0
199,1738831719469,5608.92594909668,3200,1,1,64795.28886413574,3200,3200,3200,3200,3200,3200,3200,3200,3200,3200,3200,3200,3200,3200,3200,3200,9.728927612304688,0.28827667236328125,1.7956619262695313,0.494781494140625,0.6961288452148438,19.359275817871094,0.869537353515625,5.833076477050781,3.3525848388671875,37.63886642456055,23.67992401123047,0.8199005126953125,5.011680603027344,0.34911346435546875,3.6217193603515625,5.465118408203125,17089679360,11274289152,7184330752,0
199,1738831719669,5318.231201171875,3200,1,1,64797.58157348633,3200,3200,3200,3200,3200,3200,3200,3200,3200,3200,3200,3200,3200,3200,3200,3200,7.3086700439453125,0.0522918701171875,2.39739990234375,0.0214996337890625,0.0399932861328125,1.2122726440429688,0.7244110107421875,1.5243148803710938,0.20635986328125,2.0802536010742188,0.3198394775390625,0.273895263671875,0.327789306640625,0.12717437744140625,0.175567626953125,0.4592132568359375,17089679360,11274289152,7184326656,0
199,1738831719869,5318.3154296875,3200,1,0.9875,64801.292739868164,3200,3200,3200,3200,3200,3200,3200,3200,3200,3200,3200,3200,3200,3200,3200,3200,12.350959777832031,0.112579345703125,4.48443603515625,0.41153717041015625,1.9777374267578125,24.004013061523438,3.6449203491210938,5.396202087402344,0.816680908203125,41.336036682128906,22.45984649658203,0.45395660400390625,21.134193420410156,0.0030975341796875,15.259597778320313,6.725303649902344,17089679360,11274289152,7194382336,0
199,1738831720069,5318.376129150391,3200,1,0.99375,64803.89587402344,3200,3200,3200,3200,3200,3200,3200,3200,3200,3200,3200,3200,3200,3200,3200,3200,3.0108184814453125,0.2149810791015625,3.360321044921875,0.20313262939453125,1.2012252807617188,2.140655517578125,0.38463592529296875,3.3656692504882813,0.5113601684570313,13.512336730957031,6.979347229003906,0.3267669677734375,1.7422256469726563,0.36374664306640625,0.7319412231445313,1.1087265014648438,17089679360,11274289152,7176777728,0
200,1738831720269,5318.421157836914,3200,1,0.9812500000000001,64806.772232055664,3200,3200,3200,3200,3200,3200,3200,3200,3200,3200,3200,3200,3200,3200,3200,3200,6.543876647949219,0,6.04833984375,0.008697509765625,0.13433074951171875,6.13604736328125,2.5768661499023438,3.9686126708984375,0.014495849609375,45.48700714111328,8.241111755371094,0,2.31390380859375,0,0.9604339599609375,4.3603515625,17089679360,11274289152,7175712768,0
199,1738831720470,5318.537979125977,3200,1,1,64809.906646728516,3200,3200,3200,3200,3200,3200,3200,3200,3200,3200,3200,3200,3200,3200,3200,3200,7.740104675292969,0,6.2480010986328125,0.5223770141601563,0.6262664794921875,21.60492706298828,1.9544830322265625,4.7347564697265625,0.7166290283203125,10.065757751464844,30.809112548828125,0,2.3230514526367188,0,3.9276657104492188,4.2161865234375,17089679360,11274289152,7171997696,0
200,1738831720670,5318.626541137695,3200,1,0.99375,64812.52914428711,3200,3200,3200,3200,3200,3200,3200,3200,3200,3200,3200,3200,3200,3200,3200,3200,4.9307403564453125,0.9104537963867188,3.7057723999023438,0.4762420654296875,1.0172042846679688,0.07891845703125,0.80999755859375,2.4154891967773438,0.916748046875,9.305168151855469,5.204566955566406,1.5716629028320313,2.247314453125,0.1244964599609375,0.2803802490234375,4.1069488525390625,17089679360,11274289152,7171731456,0
200,1738831720871,5318.740570068359,3200,1,0.99375,64815.71397399902,3200,3200,3200,3200,3200,3200,3200,3200,3200,3200,3200,3200,3200,3200,3200,3200,5.8950347900390625,0.212158203125,6.3626708984375,0.43694305419921875,0.7436599731445313,23.58819580078125,1.8146896362304688,4.379798889160156,0.663330078125,26.167686462402344,22.71923065185547,0.28726959228515625,7.507164001464844,0.1233673095703125,6.482704162597656,4.435462951660156,17089679360,11274289152,7171547136,0
200,1738831721072,3467.1433868408203,3200,1,0.99375,64819.538497924805,3200,3200,3200,3200,3200,3200,3200,3200,3200,3200,3200,3200,3200,3200,3200,3200,17.058265686035156,0.1018829345703125,10.306785583496094,0.06989288330078125,5.393798828125,3.0223541259765625,0.225860595703125,5.55120849609375,8.282730102539063,63.009857177734375,38.86396026611328,0.15660858154296875,13.689613342285156,0.263763427734375,6.4516448974609375,5.6479644775390625,17089679360,11274289152,7169134592,0
200,1738831721273,5318.982345581055,3200,1,0.9875,64823.19953918457,3200,3200,3200,3200,3200,3200,3200,3200,3200,3200,3200,3200,3200,3200,3200,3200,11.327293395996094,0.699066162109375,3.70367431640625,0.789306640625,2.832244873046875,0.5817413330078125,4.322151184082031,9.513839721679688,3.0125808715820313,81.20606231689453,7.365318298339844,6.715904235839844,10.72015380859375,0.42957305908203125,7.5525360107421875,3.1774673461914063,17089679360,11274289152,7181242368,0
200,1738831721474,5319.121398925781,3200,1,0.99375,64827.031173706055,3200,3200,3200,3200,3200,3200,3200,3200,3200,3200,3200,3200,3200,3200,3200,3200,5.745048522949219,0.4443359375,9.491783142089844,0.4518890380859375,0.5031661987304688,28.947608947753906,5.846000671386719,5.988624572753906,0.47845458984375,46.67145919799805,44.116455078125,0.303863525390625,10.587516784667969,0.14823150634765625,4.146553039550781,9.768379211425781,17089679360,11274289152,7181287424,0
200,1738831721675,5319.229248046875,3200,1,0.9875,64830.479064941406,3200,3200,3200,3200,3200,3200,3200,3200,3200,3200,3200,3200,3200,3200,3200,3200,5.860664367675781,0.07209014892578125,6.105987548828125,0,3.1670455932617188,0.1845245361328125,2.7100830078125,4.790626525878906,0.12427520751953125,87.80160522460938,8.047767639160156,0.063385009765625,3.6108245849609375,0.08701324462890625,0.54144287109375,2.9682464599609375,17089679360,11274289152,7181012992,0
200,1738831721876,5319.371627807617,3200,1,0.99375,64834.31379699707,3200,3200,3200,3200,3200,3200,3200,3200,3200,3200,3200,3200,3200,3200,3200,3200,5.327964782714844,0.17198944091796875,10.092460632324219,0.3287506103515625,2.3504791259765625,23.70398712158203,3.923797607421875,5.416526794433594,1.0565567016601563,63.81133270263672,33.49137878417969,0.2824859619140625,5.9159698486328125,0.2411956787109375,4.77642822265625,6.538658142089844,17089679360,11274289152,7180681216,0
200,1738831722077,5319.4947509765625,3200,1,0.9875,64837.76330566406,3200,3200,3200,3200,3200,3200,3200,3200,3200,3200,3200,3200,3200,3200,3200,3200,7.040962219238281,0.244476318359375,8.292266845703125,0.21035003662109375,1.6681289672851563,3.82769775390625,1.1766815185546875,5.480247497558594,0.6447296142578125,61.21336364746094,33.77783203125,0.275970458984375,4.817207336425781,0.27149200439453125,0.6211013793945313,5.708564758300781,17089679360,11274289152,7180726272,0
199,1738831722278,3352.9200744628906,3200,1,0.9875,64841.28253173828,3200,3200,3200,3200,3200,3200,3200,3200,3200,3200,3200,3200,3200,3200,3200,3200,6.6282806396484375,0,5.83404541015625,0,1.3521957397460938,0.08850860595703125,6.608528137207031,4.444389343261719,1.1284103393554688,73.73832702636719,21.12578582763672,0,3.0783157348632813,0.02030181884765625,5.696586608886719,2.7420501708984375,17089679360,11274289152,7180566528,0
200,1738831722478,3468.1549224853516,3200,1,0.9875,64845.12210083008,3200,3200,3200,3200,3200,3200,3200,3200,3200,3200,3200,3200,3200,3200,3200,3200,9.290008544921875,0,8.895545959472656,0.1083831787109375,1.600982666015625,27.327796936035156,1.0362701416015625,5.318656921386719,0.1798553466796875,50.06865692138672,44.6844596862793,0.140625,5.703369140625,1.0986480712890625,4.946647644042969,7.69720458984375,17089679360,11274289152,7180443648,0
200,1738831722679,5319.869186401367,3200,1,0.9875,64848.64665222168,3200,3200,3200,3200,3200,3200,3200,3200,3200,3200,3200,3200,3200,3200,3200,3200,14.38427734375,0.278472900390625,6.632530212402344,0.17301177978515625,1.8873367309570313,2.0725326538085938,5.330055236816406,5.245880126953125,0.33557891845703125,84.66488647460938,15.113494873046875,0.7119522094726563,3.2374191284179688,0.31627655029296875,1.1927413940429688,3.4530181884765625,17089679360,11274289152,7181090816,0
200,1738831722880,3468.427001953125,3200,1,0.9875,64852.404861450195,3200,3200,3200,3200,3200,3200,3200,3200,3200,3200,3200,3200,3200,3200,3200,3200,10.197456359863281,0.0385589599609375,8.395980834960938,0.29402923583984375,1.9263458251953125,21.594802856445313,3.3293685913085938,6.2612762451171875,0.337860107421875,68.85514831542969,24.478652954101563,0.21974945068359375,4.7242279052734375,0.12502288818359375,5.4070587158203125,6.117698669433594,17089679360,11274289152,7180521472,0
200,1738831723081,5320.102294921875,3200,1,0.99375,64855.95040893555,3200,3200,3200,3200,3200,3200,3200,3200,3200,3200,3200,3200,3200,3200,3200,3200,7.259788513183594,0.35114288330078125,4.314849853515625,0.4587554931640625,2.4017562866210938,5.8082427978515625,5.2136077880859375,6.9363555908203125,1.12408447265625,63.3928337097168,35.19830322265625,0.40363311767578125,4.319877624511719,0.468658447265625,0.8736343383789063,5.81341552734375,17089679360,11274289152,7180419072,0
200,1738831723282,5320.210693359375,3200,1,0.99375,64859.40753173828,3200,3200,3200,3200,3200,3200,3200,3200,3200,3200,3200,3200,3200,3200,3200,3200,9.0843505859375,0.11850738525390625,6.413566589355469,0.20825958251953125,7.279205322265625,0.28672027587890625,1.2245941162109375,5.154449462890625,0.8824996948242188,81.51432800292969,12.529121398925781,0.24054718017578125,3.1258163452148438,0.42189788818359375,6.741485595703125,2.9464111328125,17089679360,11274289152,7180574720,0
200,1738831723483,5320.340927124023,3200,1,0.9875,64863.30390930176,3200,3200,3200,3200,3200,3200,3200,3200,3200,3200,3200,3200,3200,3200,3200,3200,5.74163818359375,0.21074676513671875,7.694427490234375,0.46860504150390625,3.476318359375,26.840545654296875,3.2861709594726563,6.8850250244140625,0.5996017456054688,51.398258209228516,44.67731475830078,0.25562286376953125,5.321540832519531,0.334075927734375,4.633934020996094,9.500099182128906,17089679360,11274289152,7180103680,0
200,1738831723684,3202.6725158691406,3200,1,0.99375,64866.77046203613,3200,3200,3200,3200,3200,3200,3200,3200,3200,3200,3200,3200,3200,3200,3200,3200,5.4371185302734375,0.020599365234375,10.250747680664063,0,2.09393310546875,1.8528366088867188,2.2867202758789063,4.7126922607421875,0.484130859375,76.99755096435547,18.48986053466797,0.04576873779296875,4.62109375,0.05875396728515625,1.0146255493164063,3.3025360107421875,17089679360,11274289152,7180242944,0
199,1738831723885,3469.1397705078125,3200,1,0.9875,64870.53349304199,3200,3200,3200,3200,3200,3200,3200,3200,3200,3200,3200,3200,3200,3200,3200,3200,10.639381408691406,0.4574737548828125,4.761283874511719,0.8318710327148438,0.44078826904296875,25.388031005859375,4.310890197753906,5.0189056396484375,3.3104095458984375,65.30029296875,27.690330505371094,0.5013809204101563,6.5679931640625,0.463409423828125,4.907768249511719,7.336204528808594,17089679360,11274289152,7179923456,0
200,1738831724085,5320.705215454102,3200,1,0.99375,64874.14389038086,3200,3200,3200,3200,3200,3200,3200,3200,3200,3200,3200,3200,3200,3200,3200,3200,8.724433898925781,0.2393035888671875,5.759605407714844,0.10384368896484375,1.2850418090820313,4.103462219238281,1.1618804931640625,5.352325439453125,0.325225830078125,67.00062561035156,27.22295379638672,2.8762893676757813,8.630378723144531,0.20843505859375,1.8074111938476563,6.6346588134765625,17089679360,11274289152,7180099584,0
200,1738831724286,5320.8568115234375,3200,1,0.99375,64877.68884277344,3200,3200,3200,3200,3200,3200,3200,3200,3200,3200,3200,3200,3200,3200,3200,3200,6.3879547119140625,0.10870361328125,12.248252868652344,0.04383087158203125,1.9307479858398438,0.42706298828125,3.4444732666015625,4.6356201171875,0.5241775512695313,72.00265502929688,19.392425537109375,0.24781036376953125,8.773033142089844,0.17308807373046875,5.9985504150390625,2.821990966796875,17089679360,11274289152,7182483456,0
200,1738831724486,5320.988464355469,3200,1,0.99375,64881.48419189453,3200,3200,3200,3200,3200,3200,3200,3200,3200,3200,3200,3200,3200,3200,3200,3200,6.0175628662109375,0.4492340087890625,8.375892639160156,0.3816680908203125,3.0228271484375,25.523880004882813,4.988716125488281,6.4047698974609375,0.58905029296875,55.3358039855957,42.02159118652344,0.24524688720703125,5.2589111328125,0.19635009765625,4.568870544433594,9.3701171875,17089679360,11274289152,7182381056,0
200,1738831724687,5321.105392456055,3200,1,0.99375,64884.88171386719,3200,3200,3200,3200,3200,3200,3200,3200,3200,3200,3200,3200,3200,3200,3200,3200,5.0189208984375,1.8647842407226563,7.357337951660156,0.21134185791015625,1.6461257934570313,4.241706848144531,1.4602508544921875,4.518074035644531,0.377166748046875,62.71342086791992,33.3380126953125,0.42467498779296875,3.9392166137695313,0.241790771484375,1.6917953491210938,3.4110565185546875,17089679360,11274289152,7182147584,0
200,1738831724888,5321.24153137207,3200,1,0.99375,64888.9084777832,3200,3200,3200,3200,3200,3200,3200,3200,3200,3200,3200,3200,3200,3200,3200,3200,8.540519714355469,0.221343994140625,8.373603820800781,1.1359634399414063,3.7042694091796875,26.116539001464844,1.9234237670898438,6.8140106201171875,0.5347747802734375,55.97256851196289,34.4658203125,18.60063934326172,11.602798461914063,0.2796478271484375,4.833763122558594,6.794952392578125,17089679360,11274289152,7177936896,0
200,1738831725090,5321.355529785156,3200,1,0.99375,64892.38952636719,3200,3200,3200,3200,3200,3200,3200,3200,3200,3200,3200,3200,3200,3200,3200,3200,7.746826171875,0.28199005126953125,6.9292144775390625,0.1491546630859375,2.1980133056640625,3.5368728637695313,0.4541778564453125,6.4889678955078125,0.46532440185546875,71.705078125,24.709190368652344,0.4197540283203125,4.0820465087890625,0.30030059814453125,3.1639328002929688,5.7980194091796875,17089679360,11274289152,7169228800,0
200,1738831725291,5321.451553344727,3200,1,0.99375,64895.88526916504,3200,3200,3200,3200,3200,3200,3200,3200,3200,3200,3200,3200,3200,3200,3200,3200,7.284820556640625,0,4.2542266845703125,0,2.7145233154296875,0.03368377685546875,2.3815383911132813,4.5347747802734375,0.25527191162109375,88.04055786132813,12.627799987792969,0.08343505859375,4.212982177734375,0.22183990478515625,5.841438293457031,2.8454666137695313,17089679360,11274289152,7175499776,0
200,1738831725491,3470.313949584961,3200,1,0.9875,64899.829010009766,3200,3200,3200,3200,3200,3200,3200,3200,3200,3200,3200,3200,3200,3200,3200,3200,5.659553527832031,0.31029510498046875,6.966316223144531,0.5189971923828125,1.8995895385742188,26.99341583251953,5.9209442138671875,10.270668029785156,0.7506942749023438,46.650474548339844,49.457515716552734,0.914520263671875,6.466316223144531,0.3097991943359375,5.060707092285156,9.768531799316406,17089679360,11274289152,7175380992,0
200,1738831725692,5321.713424682617,3200,1,0.99375,64903.293395996094,3200,3200,3200,3200,3200,3200,3200,3200,3200,3200,3200,3200,3200,3200,3200,3200,4.9820709228515625,0.17940521240234375,8.994842529296875,0.1375579833984375,3.6601333618164063,1.6973037719726563,4.348442077636719,5.161918640136719,0.4049224853515625,73.28034210205078,25.6480712890625,0.28795623779296875,3.512725830078125,0.295867919921875,1.2345199584960938,3.3033218383789063,17089679360,11274289152,7175471104,0
199,1738831725894,3355.3988189697266,3200,1,0.9875,64907.11103820801,3200,3200,3200,3200,3200,3200,3200,3200,3200,3200,3200,3200,3200,3200,3200,3200,4.805519104003906,0.13338470458984375,8.499786376953125,0.22870635986328125,5.6804046630859375,21.887184143066406,4.915618896484375,5.197418212890625,0.2962188720703125,62.63062286376953,27.040023803710938,0.27397918701171875,8.410881042480469,0.41010284423828125,5.2001495361328125,6.473945617675781,17089679360,11274289152,7174914048,0
199,1738831726094,5625.868728637695,3200,1,1,64910.054122924805,3200,3200,3200,3200,3200,3200,3200,3200,3200,3200,3200,3200,3200,3200,3200,3200,4.5676727294921875,0.38497161865234375,2.956024169921875,0.9400100708007813,1.812255859375,2.7198867797851563,3.8909912109375,3.7368087768554688,2.9463272094726563,20.116539001464844,18.803497314453125,1.0371170043945313,2.851776123046875,0.7820358276367188,1.404449462890625,4.066810607910156,17089679360,11274289152,7174557696,0
200,1738831726294,5321.978210449219,3200,1,0.9875,64912.668197631836,3200,3200,3200,3200,3200,3200,3200,3200,3200,3200,3200,3200,3200,3200,3200,3200,4.880867004394531,0,4.5314178466796875,0,0,0.9721145629882813,1.6357498168945313,1.7172775268554688,0.24588775634765625,22.153114318847656,10.755935668945313,0.09597015380859375,1.7098846435546875,0,0.10041046142578125,1.3955078125,17089679360,11274289152,7169826816,0
200,1738831726495,5322.1199951171875,3200,1,0.9875,64916.51329040527,3200,3200,3200,3200,3200,3200,3200,3200,3200,3200,3200,3200,3200,3200,3200,3200,7.8622589111328125,0.16358184814453125,8.84295654296875,1.6827316284179688,2.4463119506835938,27.089508056640625,5.389381408691406,6.009727478027344,0.33258819580078125,57.393978118896484,39.675533294677734,0.25930023193359375,6.02789306640625,0.17388153076171875,10.212799072265625,8.491813659667969,17089679360,11274289152,7173427200,0
200,1738831726696,3204.1459197998047,3200,1,0.99375,64919.93711853027,3200,3200,3200,3200,3200,3200,3200,3200,3200,3200,3200,3200,3200,3200,3200,3200,6.684059143066406,0.49806976318359375,4.137672424316406,0.48589324951171875,2.57940673828125,0.7109375,3.7871780395507813,5.264801025390625,3.1417312622070313,55.120792388916016,40.4814338684082,0.5427703857421875,5.949012756347656,0.556488037109375,1.372528076171875,3.2631683349609375,17089679360,11274289152,7173222400,0
199,1738831726897,5322.328399658203,3200,1,0.9875,64923.714904785156,3200,3200,3200,3200,3200,3200,3200,3200,3200,3200,3200,3200,3200,3200,3200,3200,12.061187744140625,0,4.611000061035156,1.172210693359375,1.6202774047851563,20.623260498046875,3.741241455078125,8.290962219238281,0.8515853881835938,49.39061737060547,38.24539566040039,1.679595947265625,9.584014892578125,0,4.828849792480469,5.7632293701171875,17089679360,11274289152,7171887104,0
200,1738831727097,5322.44416809082,3200,1,0.99375,64927.313385009766,3200,3200,3200,3200,3200,3200,3200,3200,3200,3200,3200,3200,3200,3200,3200,3200,9.87628173828125,0.29144287109375,3.1505813598632813,2.7550430297851563,3.46978759765625,4.959266662597656,9.070182800292969,5.16729736328125,0.7330780029296875,69.66703796386719,23.746910095214844,0.36701202392578125,4.6289215087890625,0.33609771728515625,2.5156936645507813,5.105216979980469,17089679360,11274289152,7171485696,0
200,1738831727298,5322.534255981445,3200,1,0.99375,64930.77534484863,3200,3200,3200,3200,3200,3200,3200,3200,3200,3200,3200,3200,3200,3200,3200,3200,5.758827209472656,0.02393341064453125,2.6163558959960938,0,5.3868408203125,0.1829376220703125,4.787391662597656,4.948982238769531,0.2036285400390625,83.11117553710938,9.964027404785156,5.7921142578125,7.3824005126953125,0.0584564208984375,0.8802947998046875,2.9233169555664063,17089679360,11274289152,7171563520,0
200,1738831727499,5322.660079956055,3200,1,0.9875,64934.626220703125,3200,3200,3200,3200,3200,3200,3200,3200,3200,3200,3200,3200,3200,3200,3200,3200,7.4628448486328125,0.15959930419921875,7.335533142089844,0.6854248046875,2.342193603515625,25.91057586669922,2.6335830688476563,6.973884582519531,0.9507980346679688,56.63886260986328,41.54616165161133,0.18856048583984375,7.02935791015625,0.1212921142578125,10.46209716796875,7.964935302734375,17089679360,11274289152,7173029888,0
200,1738831727700,5322.766418457031,3200,1,0.99375,64938.08500671387,3200,3200,3200,3200,3200,3200,3200,3200,3200,3200,3200,3200,3200,3200,3200,3200,11.255653381347656,0,4.3384246826171875,0,0,1.7395095825195313,0.7358551025390625,5.9196319580078125,0,61.8778076171875,36.27553176879883,0,2.1153640747070313,0,0.15810394287109375,3.9117202758789063,17089679360,11274289152,7172485120,0
200,1738831727901,5322.892242431641,3200,1,0.9875,64941.59718322754,3200,3200,3200,3200,3200,3200,3200,3200,3200,3200,3200,3200,3200,3200,3200,3200,7.5602874755859375,0.01004791259765625,7.8975372314453125,0.0155029296875,7.857185363769531,5.0590362548828125,1.4654998779296875,4.989189147949219,0,62.458526611328125,29.27568817138672,0,3.5424423217773438,0,1.2931976318359375,5.815788269042969,17089679360,11274289152,7171510272,0
200,1738831728102,3472.064971923828,3200,1,0.9875,64945.52554321289,3200,3200,3200,3200,3200,3200,3200,3200,3200,3200,3200,3200,3200,3200,3200,3200,5.234107971191406,0,6.012908935546875,0,1.8142013549804688,21.622634887695313,7.434211730957031,6.11590576171875,0.18595123291015625,51.33012771606445,43.60676574707031,3.8883590698242188,8.40936279296875,0,11.8316650390625,6.184410095214844,17089679360,11274289152,7171899392,0
200,1738831728303,2995.903839111328,3200,1,0.9875,64949.974044799805,3200,3200,3200,3200,3200,3200,3200,3200,3200,3200,3200,3200,3200,3200,3200,3200,11.421005249023438,0,4.793975830078125,0.027801513671875,2.9784622192382813,0,0.7643508911132813,4.547370910644531,0.0428009033203125,82.3068618774414,59.0804443359375,0,55.79282760620117,0.5607528686523438,0.5358047485351563,2.8041610717773438,17089679360,11274289152,7170363392,0
200,1738831728504,5323.257125854492,3200,1,0.9875,64953.77732849121,3200,3200,3200,3200,3200,3200,3200,3200,3200,3200,3200,3200,3200,3200,3200,3200,6.507232666015625,0.178253173828125,6.2916107177734375,0.9715805053710938,1.8229598999023438,27.136978149414063,5.6308746337890625,5.904052734375,0.4242706298828125,52.451934814453125,40.494571685791016,0.22377777099609375,11.900596618652344,0.2018890380859375,10.638626098632813,6.5144500732421875,17089679360,11274289152,7174029312,0
200,1738831728705,5323.373764038086,3200,1,0.99375,64957.19680786133,3200,3200,3200,3200,3200,3200,3200,3200,3200,3200,3200,3200,3200,3200,3200,3200,6.297554016113281,0.20822906494140625,7.400886535644531,0.16376495361328125,0.8650741577148438,2.2916488647460938,4.272544860839844,4.926353454589844,0.48661041259765625,70.07157897949219,23.316429138183594,0.29929351806640625,9.031547546386719,0.2479095458984375,1.1292190551757813,3.3692779541015625,17089679360,11274289152,7174119424,0
199,1738831728906,3472.5897827148438,3200,1,0.9875,64960.68179321289,3200,3200,3200,3200,3200,3200,3200,3200,3200,3200,3200,3200,3200,3200,3200,3200,4.925209045410156,0.065521240234375,5.714256286621094,0.06786346435546875,3.2173233032226563,1.6861495971679688,3.374237060546875,4.009452819824219,0.45775604248046875,76.42965698242188,18.013153076171875,6.0024566650390625,4.987693786621094,0.345367431640625,1.4074478149414063,5.887237548828125,17089679360,11274289152,7173623808,0
199,1738831729106,5633.702072143555,3200,1,1,64963.503982543945,3200,3200,3200,3200,3200,3200,3200,3200,3200,3200,3200,3200,3200,3200,3200,3200,4.7670440673828125,0,0.6077346801757813,2.665740966796875,0.29296875,22.507339477539063,6.2811126708984375,3.1906890869140625,2.738677978515625,2.4976577758789063,9.523948669433594,0.00682830810546875,1.270782470703125,0.02913665771484375,4.08270263671875,3.6229095458984375,17089679360,11274289152,7173414912,0
200,1738831729306,5323.6107177734375,3200,1,0.9875,64965.83966064453,3200,3200,3200,3200,3200,3200,3200,3200,3200,3200,3200,3200,3200,3200,3200,3200,3.9241104125976563,0.0490875244140625,3.0045013427734375,0,0,0.01784515380859375,0.9556961059570313,1.6569290161132813,0.3106536865234375,9.238182067871094,5.4940185546875,0.0556793212890625,1.5103225708007813,0.1375579833984375,0.26861572265625,0.6509475708007813,17089679360,11274289152,7171518464,0
200,1738831729506,5323.695159912109,3200,1,0.9875,64969.31123352051,3200,3200,3200,3200,3200,3200,3200,3200,3200,3200,3200,3200,3200,3200,3200,3200,7.2882537841796875,0.10527801513671875,6.8836212158203125,1.6720504760742188,1.7895889282226563,25.849578857421875,1.876434326171875,4.4441070556640625,1.7264633178710938,38.640933990478516,23.850570678710938,0.45575714111328125,16.314979553222656,0.14389801025390625,6.5396728515625,4.8867034912109375,17089679360,11274289152,7168069632,0
200,1738831729707,5323.81037902832,3200,1,0.99375,64972.791564941406,3200,3200,3200,3200,3200,3200,3200,3200,3200,3200,3200,3200,3200,3200,3200,3200,4.9344024658203125,0.5691299438476563,7.259040832519531,0.1820220947265625,2.38360595703125,3.22271728515625,10.531661987304688,4.884300231933594,0.47635650634765625,76.67109680175781,15.085479736328125,0.5451278686523438,3.541595458984375,0.26912689208984375,1.16162109375,7.056999206542969,17089679360,11274289152,7168192512,0
200,1738831729908,3473.1646423339844,3200,1,0.9875,64976.509765625,3200,3200,3200,3200,3200,3200,3200,3200,3200,3200,3200,3200,3200,3200,3200,3200,8.908401489257813,0.04537200927734375,13.649787902832031,0.00238800048828125,4.4380035400390625,0.430145263671875,5.4188995361328125,6.445121765136719,0.38019561767578125,63.17680358886719,33.96986389160156,0.4454193115234375,21.139236450195313,0.49054718017578125,6.322380065917969,3.134124755859375,17089679360,11274289152,7167766528,0
200,1738831730109,5324.712265014648,3200,1,0.9812500000000001,64981.644470214844,3200,3200,3200,3200,3200,3200,3200,3200,3200,3200,3200,3200,3200,3200,3200,3200,18.388572692871094,3.5317840576171875,94.72301483154297,1.183929443359375,8.764488220214844,24.4608154296875,11.943168640136719,10.990470886230469,1.6571731567382813,64.40142059326172,40.92231369018555,0.9830398559570313,16.792037963867188,1.4209213256835938,12.783454895019531,12.323410034179688,17089679360,11274289152,7172808704,0
200,1738831730310,2998.364059448242,3200,1,0.99375,64985.774978637695,3200,3200,3200,3200,3200,3200,3200,3200,3200,3200,3200,3200,3200,3200,3200,3200,21.259803771972656,0.6863937377929688,45.46466827392578,1.0045852661132813,9.9071044921875,0.9903640747070313,2.6399307250976563,6.17620849609375,1.3223800659179688,89.48941802978516,22.363433837890625,0.905487060546875,14.511482238769531,0.6397552490234375,7.0793304443359375,3.8625564575195313,17089679360,11274289152,7172579328,0
200,1738831730511,3473.7485961914063,3200,1,0.9875,64989.489837646484,3200,3200,3200,3200,3200,3200,3200,3200,3200,3200,3200,3200,3200,3200,3200,3200,6.3107452392578125,0.430908203125,5.948097229003906,1.761566162109375,2.4299774169921875,22.928741455078125,3.7481231689453125,4.9872894287109375,1.1396255493164063,54.54508590698242,42.427425384521484,0.44937896728515625,9.336654663085938,0.57135009765625,6.0503692626953125,6.6534881591796875,17089679360,11274289152,7171444736,0
200,1738831730712,3473.87646484375,3200,1,0.9875,64993.000900268555,3200,3200,3200,3200,3200,3200,3200,3200,3200,3200,3200,3200,3200,3200,3200,3200,5.839111328125,0.0431976318359375,3.1931076049804688,1.3749542236328125,3.0075607299804688,4.6151123046875,1.00250244140625,5.770011901855469,0.15374755859375,67.35017395019531,30.858627319335938,0.08585357666015625,5.065765380859375,0.07845306396484375,1.9569549560546875,5.678367614746094,17089679360,11274289152,7171059712,0
200,1738831730912,5325.445327758789,3200,1,0.9875,64996.50993347168,3200,3200,3200,3200,3200,3200,3200,3200,3200,3200,3200,3200,3200,3200,3200,3200,11.376953125,0.28549957275390625,6.489532470703125,0.22603607177734375,3.5394973754882813,0.516021728515625,2.2231369018554688,5.291053771972656,0.46628570556640625,75.04769134521484,19.974884033203125,0.658599853515625,5.057441711425781,0.906585693359375,10.129295349121094,2.8287124633789063,17089679360,11274289152,7178600448,0
199,1738831731113,2999.7149047851563,3200,1,0.9875,65000.74940490723,3200,3200,3200,3200,3200,3200,3200,3200,3200,3200,3200,3200,3200,3200,3200,3200,9.78271484375,14.739791870117188,12.364036560058594,0.85565185546875,5.233390808105469,27.48487091064453,2.4262008666992188,7.2816925048828125,1.2567825317382813,59.61846923828125,46.04719924926758,0.3152618408203125,11.61614990234375,0.24541473388671875,11.165313720703125,8.948959350585938,17089679360,11274289152,7178477568,0
200,1738831731313,5325.716262817383,3200,1,0.99375,65004.44497680664,3200,3200,3200,3200,3200,3200,3200,3200,3200,3200,3200,3200,3200,3200,3200,3200,11.347465515136719,12.420845031738281,4.603057861328125,0.3915863037109375,4.921455383300781,2.774749755859375,3.3959503173828125,7.5549774169921875,12.960258483886719,62.036582946777344,29.420547485351563,0.7698287963867188,6.215599060058594,0.9611434936523438,8.050102233886719,3.7791900634765625,17089679360,11274289152,7140982784,0
200,1738831731514,5325.84245300293,3200,1,0.9875,65008.163650512695,3200,3200,3200,3200,3200,3200,3200,3200,3200,3200,3200,3200,3200,3200,3200,3200,7.8488922119140625,0.8944244384765625,8.158447265625,0.5007476806640625,2.659149169921875,19.339370727539063,4.5815887451171875,5.755912780761719,0.6901473999023438,54.78434753417969,35.47308349609375,0.3227386474609375,8.716056823730469,0.3053741455078125,4.10626220703125,6.819091796875,17089679360,11274289152,7146942464,0
200,1738831731715,5640.469207763672,3200,1,1,65010.982330322266,3200,3200,3200,3200,3200,3200,3200,3200,3200,3200,3200,3200,3200,3200,3200,3200,4.301185607910156,0.23622894287109375,2.7345657348632813,0.40961456298828125,1.41339111328125,8.979713439941406,1.7748565673828125,4.127845764160156,2.7095184326171875,17.74262237548828,9.136619567871094,0.31237030029296875,1.5163726806640625,0.6746749877929688,1.012939453125,4.337928771972656,17089679360,11274289152,7147970560,0
200,1738831731916,5325.9774169921875,3200,1,0.99375,65013.64680480957,3200,3200,3200,3200,3200,3200,3200,3200,3200,3200,3200,3200,3200,3200,3200,3200,3.255889892578125,0.03783416748046875,5.2648162841796875,0,0.5807418823242188,1.0439453125,1.694183349609375,2.3395462036132813,0.09543609619140625,27.450706481933594,7.779853820800781,5.811004638671875,1.701202392578125,0.08348846435546875,0.13367462158203125,1.7332611083984375,17089679360,11274289152,7148142592,0
200,1738831732117,5641.168914794922,3200,1,0.9875,65017.46292114258,3200,3200,3200,3200,3200,3200,3200,3200,3200,3200,3200,3200,3200,3200,3200,3200,10.173019409179688,0.0553741455078125,10.760017395019531,0.6601409912109375,1.6652374267578125,25.713409423828125,6.7259674072265625,6.328727722167969,0.5520782470703125,44.999019622802734,45.28376388549805,0.12050628662109375,6.062843322753906,0.13657379150390625,10.269493103027344,10.210334777832031,17089679360,11274289152,7152271360,0
200,1738831732318,5326.24870300293,3200,1,0.9875,65020.91635131836,3200,3200,3200,3200,3200,3200,3200,3200,3200,3200,3200,3200,3200,3200,3200,3200,5.093757629394531,0.02099609375,6.558036804199219,0,3.4444503784179688,0.9249420166015625,3.8856964111328125,4.9209747314453125,0.225921630859375,74.57740783691406,17.74988555908203,0,5.2665863037109375,0,5.66143798828125,2.7933731079101563,17089679360,11274289152,7150379008,0
200,1738831732519,5326.361892700195,3200,1,0.9875,65024.66358947754,3200,3200,3200,3200,3200,3200,3200,3200,3200,3200,3200,3200,3200,3200,3200,3200,10.203147888183594,0.05373382568359375,6.165260314941406,0.0798492431640625,4.0571441650390625,21.311180114746094,3.5731048583984375,5.319633483886719,0.38816070556640625,56.030460357666016,36.21351623535156,0.00860595703125,4.977745056152344,0.0483551025390625,6.281883239746094,7.2599945068359375,17089679360,11274289152,7144603648,0
200,1738831732719,5326.475555419922,3200,1,0.99375,65028.11143493652,3200,3200,3200,3200,3200,3200,3200,3200,3200,3200,3200,3200,3200,3200,3200,3200,6.028221130371094,0.07553863525390625,5.1302947998046875,0.1685638427734375,1.4881820678710938,5.7659759521484375,1.7521743774414063,5.4587554931640625,0.30942535400390625,60.277339935302734,25.953567504882813,0.00630950927734375,15.787216186523438,0.0971832275390625,1.1491470336914063,6.409431457519531,17089679360,11274289152,7144509440,0
200,1738831732920,3475.488327026367,3200,1,0.9875,65031.621337890625,3200,3200,3200,3200,3200,3200,3200,3200,3200,3200,3200,3200,3200,3200,3200,3200,5.103324890136719,0.234375,7.883125305175781,0.9286041259765625,2.7699966430664063,0.5681076049804688,3.2666091918945313,4.851585388183594,0.23497772216796875,90.76663208007813,4.116706848144531,0.20462799072265625,7.264862060546875,0.2379608154296875,0.5887527465820313,3.3027801513671875,17089679360,11274289152,7144800256,0
200,1738831733121,5326.73991394043,3200,1,0.99375,65035.49717712402,3200,3200,3200,3200,3200,3200,3200,3200,3200,3200,3200,3200,3200,3200,3200,3200,7.773185729980469,0.39659881591796875,8.177261352539063,0.72833251953125,3.3682479858398438,23.14147186279297,8.80535888671875,6.4176483154296875,3.4317703247070313,58.53057861328125,34.77399444580078,0.840362548828125,8.393501281738281,0.485687255859375,11.136482238769531,9.436721801757813,17089679360,11274289152,7149883392,0
200,1738831733322,5326.860931396484,3200,1,0.99375,65039.01776123047,3200,3200,3200,3200,3200,3200,3200,3200,3200,3200,3200,3200,3200,3200,3200,3200,5.734382629394531,0.22150421142578125,7.390037536621094,0.6446533203125,3.4951171875,0.22229766845703125,0.7451553344726563,5.316375732421875,0.2745513916015625,69.05328369140625,28.162353515625,5.918830871582031,4.107124328613281,0.720550537109375,1.1445083618164063,2.923065185546875,17089679360,11274289152,7149555712,0
200,1738831733523,3475.9883728027344,3200,1,0.9875,65042.697662353516,3200,3200,3200,3200,3200,3200,3200,3200,3200,3200,3200,3200,3200,3200,3200,3200,11.154869079589844,1.4727783203125,7.1612091064453125,0.12114715576171875,3.0298843383789063,18.9801025390625,1.2591018676757813,6.061210632324219,0.9363174438476563,66.25991821289063,27.018470764160156,0.5037307739257813,3.5489883422851563,0.07228851318359375,5.435447692871094,6.587730407714844,17089679360,11274289152,7148806144,0
200,1738831733724,5645.554840087891,3200,1,0.99375,65045.2677154541,3200,3200,3200,3200,3200,3200,3200,3200,3200,3200,3200,3200,3200,3200,3200,3200,5.138511657714844,0.603271484375,2.7794036865234375,0.992034912109375,0.34720611572265625,9.18756103515625,0.6706161499023438,3.3499984741210938,2.8269882202148438,4.916717529296875,0.9032363891601563,0.5191650390625,0.9683914184570313,0.45944976806640625,1.5477142333984375,3.2161026000976563,17089679360,11274289152,7148199936,0
200,1738831733924,3360.918991088867,3200,1,0.99375,65048.439865112305,3200,3200,3200,3200,3200,3200,3200,3200,3200,3200,3200,3200,3200,3200,3200,3200,4.9174957275390625,0.5834579467773438,2.9318008422851563,0,3.474761962890625,0.03182220458984375,3.1445236206054688,3.7475357055664063,0.25786590576171875,59.43931579589844,8.678993225097656,0.2147216796875,6.273292541503906,0,2.0376129150390625,2.0502853393554688,17089679360,11274289152,7146733568,0
200,1738831734125,3476.3971405029297,3200,1,0.9875,65052.24653625488,3200,3200,3200,3200,3200,3200,3200,3200,3200,3200,3200,3200,3200,3200,3200,3200,7.887321472167969,1.8666763305664063,7.466453552246094,1.6484298706054688,2.6368789672851563,22.846229553222656,8.468124389648438,5.778633117675781,0.7694549560546875,55.18826675415039,33.53215789794922,0.7440948486328125,9.671775817871094,0.23981475830078125,10.654930114746094,8.096580505371094,17089679360,11274289152,7148888064,0
200,1738831734325,5327.402801513672,3200,1,0.99375,65055.6602935791,3200,3200,3200,3200,3200,3200,3200,3200,3200,3200,3200,3200,3200,3200,3200,3200,5.136695861816406,0.41103363037109375,3.011993408203125,1.13763427734375,0,2.0089950561523438,6.040863037109375,4.9612274169921875,0.49143218994140625,89.117919921875,10.8035888671875,0,3.2589340209960938,0,0.37682342529296875,2.7545318603515625,17089679360,11274289152,7149010944,0
200,1738831734526,3476.611099243164,3200,1,0.9875,65059.12825012207,3200,3200,3200,3200,3200,3200,3200,3200,3200,3200,3200,3200,3200,3200,3200,3200,7.514656066894531,0.23119354248046875,3.7592926025390625,0.671295166015625,1.2352218627929688,2.8874588012695313,3.0456619262695313,3.9890975952148438,0.5246734619140625,78.73438262939453,19.485572814941406,0.28029632568359375,7.484062194824219,0.22657012939453125,0.5508956909179688,5.7654571533203125,17089679360,11274289152,7147798528,0
199,1738831734726,3476.792221069336,3200,1,0.9875,65063.05766296387,3200,3200,3200,3200,3200,3200,3200,3200,3200,3200,3200,3200,3200,3200,3200,3200,6.1496734619140625,0.21135711669921875,11.100959777832031,0.6829833984375,4.823097229003906,22.90557098388672,5.0366973876953125,7.0478515625,1.46514892578125,48.08506393432617,48.26671600341797,0.68927001953125,6.4508819580078125,0.240203857421875,7.0902862548828125,6.569786071777344,17089679360,11274289152,7147646976,0
200,1738831734926,5327.77214050293,3200,1,0.99375,65067.13005065918,3200,3200,3200,3200,3200,3200,3200,3200,3200,3200,3200,3200,3200,3200,3200,3200,14.209541320800781,1.5748825073242188,4.932685852050781,0.57275390625,37.16141128540039,0.7345657348632813,6.7207183837890625,6.29437255859375,3.3885116577148438,72.40229797363281,17.88982391357422,19.371627807617188,13.155929565429688,0.7703933715820313,3.6558303833007813,7.7799530029296875,17089679360,11274289152,7142113280,0
200,1738831735127,5327.9034423828125,3200,1,0.9875,65070.94763183594,3200,3200,3200,3200,3200,3200,3200,3200,3200,3200,3200,3200,3200,3200,3200,3200,8.286880493164063,0.16735076904296875,7.987281799316406,0.37165069580078125,3.1387939453125,24.9969482421875,3.9982452392578125,5.7173919677734375,0.5225982666015625,69.25301361083984,28.050247192382813,0.259002685546875,6.055137634277344,0.1259002685546875,10.464378356933594,6.163536071777344,17089679360,11274289152,7135916032,0
200,1738831735328,5328.022979736328,3200,1,0.99375,65074.40646362305,3200,3200,3200,3200,3200,3200,3200,3200,3200,3200,3200,3200,3200,3200,3200,3200,11.567192077636719,0.05756378173828125,7.612602233886719,0,2.724884033203125,2.9349822998046875,0,5.2240447998046875,0.27129364013671875,59.11954879760742,29.266738891601563,0.1514892578125,7.74822998046875,0.27188873291015625,0.49781036376953125,6.5379791259765625,17089679360,11274289152,7135973376,0
200,1738831735529,5328.124786376953,3200,1,0.99375,65077.88098144531,3200,3200,3200,3200,3200,3200,3200,3200,3200,3200,3200,3200,3200,3200,3200,3200,7.131019592285156,0.14084625244140625,5.242469787597656,0.12178802490234375,3.1395416259765625,1.1646728515625,3.0492935180664063,5.067100524902344,0.2187042236328125,89.83924102783203,6.744453430175781,0.258453369140625,2.8310317993164063,0.26786041259765625,1.0081024169921875,3.1664581298828125,17089679360,11274289152,7134461952,0
200,1738831735730,5328.250274658203,3200,1,0.99375,65081.61909484863,3200,3200,3200,3200,3200,3200,3200,3200,3200,3200,3200,3200,3200,3200,3200,3200,5.830833435058594,0.42706298828125,6.983367919921875,1.2453689575195313,1.7940750122070313,25.128952026367188,4.24835205078125,6.4545135498046875,0.81536865234375,57.9199333190918,42.77638244628906,0.41014862060546875,5.5406341552734375,0.34467315673828125,6.102378845214844,9.511672973632813,17089679360,11274289152,7134748672,0
200,1738831735931,5328.370223999023,3200,1,0.9875,65085.065170288086,3200,3200,3200,3200,3200,3200,3200,3200,3200,3200,3200,3200,3200,3200,3200,3200,5.577140808105469,0.24199676513671875,7.5541839599609375,0.19676971435546875,1.6204681396484375,2.2480392456054688,2.3440093994140625,5.08514404296875,0.43622589111328125,73.4123764038086,17.4404296875,5.064994812011719,8.562400817871094,1.7283782958984375,1.4409637451171875,3.183074951171875,17089679360,11274289152,7134642176,0
200,1738831736132,3477.8683013916016,3200,1,0.99375,65088.924896240234,3200,3200,3200,3200,3200,3200,3200,3200,3200,3200,3200,3200,3200,3200,3200,3200,8.644172668457031,0.26821136474609375,6.9874114990234375,0.8753738403320313,3.349700927734375,25.243118286132813,5.777458190917969,5.4271087646484375,0.5511474609375,47.94694137573242,45.74107360839844,0.316619873046875,8.364723205566406,0.27626800537109375,11.119148254394531,6.055870056152344,17089679360,11274289152,7138684928,0
200,1738831736333,3006.5745544433594,3200,1,0.9875,65092.47659301758,3200,3200,3200,3200,3200,3200,3200,3200,3200,3200,3200,3200,3200,3200,3200,3200,11.454971313476563,0.27356719970703125,2.4113998413085938,3.7092056274414063,1.0159072875976563,3.3846054077148438,0.18407440185546875,6.197509765625,0.48340606689453125,69.39442443847656,22.58484649658203,0.2019500732421875,17.31714630126953,0.16204833984375,0.5432815551757813,5.889640808105469,17089679360,11274289152,7138721792,0
200,1738831736534,3209.8038787841797,3200,1,0.99375,65095.86944580078,3200,3200,3200,3200,3200,3200,3200,3200,3200,3200,3200,3200,3200,3200,3200,3200,7.352149963378906,0.29168701171875,3.7503509521484375,0.19512176513671875,1.3112258911132813,0.5588455200195313,1.3146591186523438,4.075675964355469,0.3451690673828125,86.18161010742188,14.388336181640625,0.410888671875,8.265274047851563,0.38611602783203125,1.0726242065429688,3.1257858276367188,17089679360,11274289152,7137832960,0
200,1738831736735,5328.859725952148,3200,1,0.99375,65099.70474243164,3200,3200,3200,3200,3200,3200,3200,3200,3200,3200,3200,3200,3200,3200,3200,3200,7.689231872558594,0.09134674072265625,8.143211364746094,1.1533355712890625,0.207366943359375,28.00511932373047,4.317924499511719,7.054405212402344,0.3792572021484375,58.377017974853516,35.353607177734375,0.27447509765625,7.49664306640625,0.19507598876953125,5.35479736328125,8.512519836425781,17089679360,11274289152,7137361920,0
200,1738831736936,5328.98796081543,3200,1,0.99375,65103.07978820801,3200,3200,3200,3200,3200,3200,3200,3200,3200,3200,3200,3200,3200,3200,3200,3200,4.545173645019531,0,8.636039733886719,0,4.941925048828125,0,1.1681060791015625,4.714874267578125,0.01854705810546875,78.87940216064453,14.059562683105469,0,5.4475250244140625,0,1.0501556396484375,2.7548141479492188,17089679360,11274289152,7137267712,0
200,1738831737137,5329.1129150390625,3200,1,0.99375,65106.999755859375,3200,3200,3200,3200,3200,3200,3200,3200,3200,3200,3200,3200,3200,3200,3200,3200,6.382904052734375,0.2799530029296875,6.1189422607421875,0.62890625,6.235130310058594,24.316612243652344,4.554344177246094,5.932212829589844,0.6393051147460938,55.926170349121094,36.05157470703125,0.32286834716796875,9.657745361328125,0.30267333984375,10.210121154785156,6.9129486083984375,17089679360,11274289152,7139344384,0
200,1738831737337,5329.204284667969,3200,1,0.99375,65109.82189941406,3200,3200,3200,3200,3200,3200,3200,3200,3200,3200,3200,3200,3200,3200,3200,3200,4.787178039550781,0,2.5582122802734375,0,2.8423995971679688,2.9407272338867188,1.8293991088867188,3.47955322265625,0.34002685546875,11.789535522460938,15.97271728515625,0.02117156982421875,2.9490509033203125,0,1.0813217163085938,3.6572952270507813,17089679360,11274289152,7138861056,0
199,1738831737538,5329.3184814453125,3200,1,1.03125,65113.15174865723,3200,3200,3200,3200,3200,3200,3200,3200,3200,3200,3200,3200,3200,3200,3200,3200,6.581207275390625,0.28905487060546875,6.269737243652344,1.1090011596679688,3.4311981201171875,0.30568695068359375,0.8369293212890625,4.9929046630859375,0.36585235595703125,81.7207260131836,16.559242248535156,0.2889556884765625,3.9300689697265625,0.288604736328125,0.9499359130859375,3.1758575439453125,17089679360,11274289152,7137886208,0
200,1738831737738,5329.437545776367,3200,1,1,65116.4520111084,3200,3200,3200,3200,3200,3200,3200,3200,3200,3200,3200,3200,3200,3200,3200,3200,4.9641876220703125,0.38643646240234375,5.0223236083984375,2.4678268432617188,0.5978240966796875,28.006515502929688,2.7664871215820313,5.1326904296875,1.2667312622070313,19.59014129638672,13.136589050292969,2.867706298828125,14.517829895019531,0.43932342529296875,5.1196441650390625,8.719635009765625,17089679360,11274289152,7135854592,0
200,1738831737939,5329.539962768555,3200,1,0.99375,65119.369216918945,3200,3200,3200,3200,3200,3200,3200,3200,3200,3200,3200,3200,3200,3200,3200,3200,3.6790771484375,0.01403045654296875,4.681556701660156,0.5847625732421875,2.9265670776367188,1.7725067138671875,2.517303466796875,2.9349746704101563,0.27469635009765625,39.854225158691406,5.081321716308594,1.7518081665039063,3.5033721923828125,0.09626007080078125,6.821685791015625,1.524871826171875,17089679360,11274289152,7135449088,0
200,1738831738140,3479.2595825195313,3200,1,0.9875,65123.0393371582,3200,3200,3200,3200,3200,3200,3200,3200,3200,3200,3200,3200,3200,3200,3200,3200,5.125579833984375,0.4893341064453125,7.417083740234375,0.5945205688476563,3.510894775390625,20.734237670898438,4.498970031738281,5.407196044921875,0.5808868408203125,64.76454162597656,32.12792205810547,0.31594085693359375,4.315574645996094,0.15369415283203125,5.619895935058594,6.2869110107421875,17089679360,11274289152,7135522816,0
200,1738831738341,5329.771194458008,3200,1,1.01875,65126.71505737305,3200,3200,3200,3200,3200,3200,3200,3200,3200,3200,3200,3200,3200,3200,3200,3200,8.06341552734375,0.5479202270507813,4.710418701171875,0.4481658935546875,3.6410675048828125,3.8270034790039063,3.6434402465820313,5.7794189453125,3.3427505493164063,66.37734985351563,29.97089385986328,0.5107879638671875,5.399665832519531,0.97821044921875,7.2400054931640625,7.006095886230469,17089679360,11274289152,7136788480,0
200,1738831738541,5329.878280639648,3200,1,0.99375,65129.907638549805,3200,3200,3200,3200,3200,3200,3200,3200,3200,3200,3200,3200,3200,3200,3200,3200,5.484230041503906,0,6.121238708496094,0,2.8367691040039063,0.001556396484375,0.2653656005859375,3.6094970703125,0.0750579833984375,47.42802047729492,29.367454528808594,0.02167510986328125,2.9546279907226563,0,1.608367919921875,2.0938949584960938,17089679360,11274289152,7135318016,0
200,1738831738742,5329.996566772461,3200,1,0.99375,65133.705139160156,3200,3200,3200,3200,3200,3200,3200,3200,3200,3200,3200,3200,3200,3200,3200,3200,7.836357116699219,0.22429656982421875,6.164955139160156,0.515716552734375,1.40948486328125,28.672332763671875,4.8412017822265625,9.182052612304688,0.5846786499023438,51.653587341308594,40.2862548828125,0.210968017578125,10.086318969726563,0.18573760986328125,5.764472961425781,8.204147338867188,17089679360,11274289152,7135764480,0
200,1738831738943,5330.126434326172,3200,1,0.99375,65137.07279968262,3200,3200,3200,3200,3200,3200,3200,3200,3200,3200,3200,3200,3200,3200,3200,3200,8.827171325683594,0.10990142822265625,7.834190368652344,0.05184173583984375,3.0433883666992188,0.31746673583984375,2.7616958618164063,4.5037384033203125,0.21338653564453125,79.75092315673828,10.732994079589844,0.20989990234375,7.295478820800781,0.29547119140625,0.4434356689453125,3.0503005981445313,17089679360,11274289152,7134404608,0
200,1738831739144,3479.9771118164063,3200,1,0.9875,65140.92306518555,3200,3200,3200,3200,3200,3200,3200,3200,3200,3200,3200,3200,3200,3200,3200,3200,6.9481201171875,4.2529296875,6.051567077636719,0.8689422607421875,0.6772079467773438,24.530441284179688,5.460578918457031,6.3041534423828125,0.40004730224609375,65.03550720214844,32.08606719970703,0.24169158935546875,5.151481628417969,0.12537384033203125,6.134002685546875,6.132164001464844,17089679360,11274289152,7133958144,0
200,1738831739345,5330.347152709961,3200,1,0.9875,65144.43128967285,3200,3200,3200,3200,3200,3200,3200,3200,3200,3200,3200,3200,3200,3200,3200,3200,11.991950988769531,0.37369537353515625,2.84942626953125,0.431732177734375,1.5739898681640625,3.6243362426757813,3.9496536254882813,6.784271240234375,0.04492950439453125,74.71843719482422,18.669456481933594,0,4.163093566894531,0.14820098876953125,6.211494445800781,5.027061462402344,17089679360,11274289152,7137214464,0
199,1738831739545,5330.466781616211,3200,1,0.9875,65148.30047607422,3200,3200,3200,3200,3200,3200,3200,3200,3200,3200,3200,3200,3200,3200,3200,3200,10.779426574707031,0.28740692138671875,7.213874816894531,0.19794464111328125,6.468772888183594,0.3084716796875,0.428985595703125,5.607353210449219,0.8077011108398438,59.165565490722656,34.16966247558594,6.803611755371094,9.807479858398438,0.301483154296875,1.271636962890625,12.058753967285156,17089679360,11274289152,7136145408,0
200,1738831739745,3480.481002807617,3200,1,0.9875,65152.16230773926,3200,3200,3200,3200,3200,3200,3200,3200,3200,3200,3200,3200,3200,3200,3200,3200,5.4855499267578125,0.440185546875,8.717254638671875,0.8646926879882813,3.2177581787109375,24.38640594482422,4.8849945068359375,7.010948181152344,0.5217208862304688,47.565147399902344,45.95411682128906,0.2331085205078125,7.813743591308594,0.2177734375,5.6576080322265625,8.492286682128906,17089679360,11274289152,7135707136,0
200,1738831739946,5330.715194702148,3200,1,0.9875,65155.80918884277,3200,3200,3200,3200,3200,3200,3200,3200,3200,3200,3200,3200,3200,3200,3200,3200,11.169219970703125,0.464752197265625,5.199516296386719,0.5514297485351563,3.4054183959960938,2.5349273681640625,4.237586975097656,5.9452972412109375,3.3068084716796875,65.623291015625,24.881736755371094,18.86187744140625,10.291351318359375,0.49707794189453125,1.1474685668945313,3.7735824584960938,17089679360,11274289152,7132098560,0
200,1738831740147,3480.7422790527344,3200,1,0.9875,65159.574615478516,3200,3200,3200,3200,3200,3200,3200,3200,3200,3200,3200,3200,3200,3200,3200,3200,8.714523315429688,0.213897705078125,5.32476806640625,0.10755157470703125,2.950408935546875,16.753700256347656,8.726676940917969,5.3831634521484375,2.91375732421875,53.73126220703125,34.7572021484375,8.031272888183594,13.33428955078125,0.21520233154296875,4.297309875488281,6.4927215576171875,17089679360,11274289152,7128535040,0
200,1738831740348,5330.990005493164,3200,1,0.99375,65163.69107055664,3200,3200,3200,3200,3200,3200,3200,3200,3200,3200,3200,3200,3200,3200,3200,3200,65.50129699707031,2.4464645385742188,11.113677978515625,0.8003768920898438,2.7579193115234375,9.906990051269531,4.3805389404296875,6.1878662109375,4.512275695800781,27.08776092529297,33.211692810058594,0.374725341796875,19.774765014648438,0.2798614501953125,11.1585693359375,4.946495056152344,17089679360,11274289152,7146565632,0
200,1738831740549,5331.092422485352,3200,1,0.99375,65166.93989562988,3200,3200,3200,3200,3200,3200,3200,3200,3200,3200,3200,3200,3200,3200,3200,3200,5.8618621826171875,0.3863372802734375,5.329345703125,0.23215484619140625,2.3562774658203125,0.32993316650390625,3.2010955810546875,4.010612487792969,0.49053955078125,43.16181182861328,19.406150817871094,1.23773193359375,4.3458251953125,0.309173583984375,1.2266769409179688,4.4498748779296875,17089679360,11274289152,7140192256,0
200,1738831740750,5331.234313964844,3200,1,0.99375,65170.81481933594,3200,3200,3200,3200,3200,3200,3200,3200,3200,3200,3200,3200,3200,3200,3200,3200,7.678352355957031,0.207611083984375,7.861885070800781,1.8836822509765625,2.7795486450195313,25.591964721679688,4.281242370605469,6.6332244873046875,1.6584091186523438,59.206459045410156,34.330360412597656,1.6474609375,7.7477569580078125,0.23403167724609375,6.885169982910156,8.582977294921875,17089679360,11274289152,7139848192,0
200,1738831740951,3481.5008087158203,3200,1,0.99375,65174.4455871582,3200,3200,3200,3200,3200,3200,3200,3200,3200,3200,3200,3200,3200,3200,3200,3200,9.382911682128906,1.1530380249023438,10.8577880859375,0.22179412841796875,7.101310729980469,2.8134918212890625,4.980110168457031,6.8485260009765625,1.8834381103515625,62.837371826171875,30.481918334960938,2.7518997192382813,12.646949768066406,0.245819091796875,7.07061767578125,18.708053588867188,17089679360,11274289152,7139573760,0
200,1738831741152,3212.714111328125,3200,1,0.9875,65178.17411804199,3200,3200,3200,3200,3200,3200,3200,3200,3200,3200,3200,3200,3200,3200,3200,3200,9.899368286132813,1.2253799438476563,4.9489898681640625,0.5591506958007813,2.803375244140625,12.193695068359375,6.447883605957031,5.86041259765625,3.2717361450195313,65.56968688964844,25.43152618408203,1.5579986572265625,5.458488464355469,0.5822677612304688,2.9377288818359375,10.2314453125,17089679360,11274289152,7138746368,0
200,1738831741353,5331.636459350586,3200,1,0.99375,65181.92774963379,3200,3200,3200,3200,3200,3200,3200,3200,3200,3200,3200,3200,3200,3200,3200,3200,7.082366943359375,0.0144500732421875,5.1820526123046875,3.1688766479492188,1.2511138916015625,18.44147491455078,6.7451629638671875,6.2880096435546875,0.6660537719726563,68.9769058227539,28.03466796875,0.061248779296875,5.683403015136719,0.1201019287109375,8.230377197265625,6.334861755371094,17089679360,11274289152,7146446848,0
200,1738831741554,5331.744049072266,3200,1,0.9875,65185.71220397949,3200,3200,3200,3200,3200,3200,3200,3200,3200,3200,3200,3200,3200,3200,3200,3200,8.080787658691406,1.6893844604492188,4.880828857421875,0.45925140380859375,5.3659515380859375,0.3100433349609375,4.4338226318359375,5.22381591796875,0.6120834350585938,82.58683776855469,13.534996032714844,1.395904541015625,6.066093444824219,0.21273040771484375,0.4647216796875,7.975471496582031,17089679360,11274289152,7145721856,0
200,1738831741754,5331.878311157227,3200,1,0.9875,65189.66596984863,3200,3200,3200,3200,3200,3200,3200,3200,3200,3200,3200,3200,3200,3200,3200,3200,6.1184844970703125,3.0446853637695313,6.734077453613281,2.23406982421875,1.74505615234375,26.869842529296875,6.548583984375,6.709861755371094,1.0323562622070313,51.06223678588867,41.36471176147461,0.43773651123046875,12.82275390625,0.393096923828125,5.118682861328125,8.81121826171875,17089679360,11274289152,7144382464,0
200,1738831741955,5332.006607055664,3200,1,0.99375,65193.092041015625,3200,3200,3200,3200,3200,3200,3200,3200,3200,3200,3200,3200,3200,3200,3200,3200,5.0158843994140625,1.8157730102539063,6.598724365234375,2.334136962890625,4.9679718017578125,2.020751953125,2.0409011840820313,5.846977233886719,0.33099365234375,72.09271240234375,21.390602111816406,0.6106948852539063,6.510810852050781,0.24587249755859375,1.2527389526367188,3.0654296875,17089679360,11274289152,7144443904,0
200,1738831742156,3482.4241638183594,3200,1,0.9875,65196.68516540527,3200,3200,3200,3200,3200,3200,3200,3200,3200,3200,3200,3200,3200,3200,3200,3200,5.1235198974609375,0.5506439208984375,10.241264343261719,0.6060714721679688,2.1524810791015625,16.197372436523438,3.103179931640625,5.174217224121094,0.37900543212890625,58.10736846923828,27.82122802734375,0.19811248779296875,13.062004089355469,0.25467681884765625,3.0032272338867188,5.791923522949219,17089679360,11274289152,7143923712,0
200,1738831742357,3482.5933837890625,3200,1,0.9875,65200.33558654785,3200,3200,3200,3200,3200,3200,3200,3200,3200,3200,3200,3200,3200,3200,3200,3200,6.457000732421875,0.6282730102539063,7.041740417480469,0.2303009033203125,2.269744873046875,13.151382446289063,2.97174072265625,6.862297058105469,0.463104248046875,74.45043182373047,22.080184936523438,0.23973846435546875,7.425483703613281,0.26589202880859375,8.384185791015625,5.737983703613281,17089679360,11274289152,7146491904,0
200,1738831742558,5332.426040649414,3200,1,0.99375,65203.89175415039,3200,3200,3200,3200,3200,3200,3200,3200,3200,3200,3200,3200,3200,3200,3200,3200,8.697586059570313,1.114166259765625,10.261497497558594,0.22049713134765625,4.173248291015625,0.35501861572265625,0.3610382080078125,5.504081726074219,0.4368133544921875,80.93335723876953,15.902542114257813,0.47069549560546875,3.3946990966796875,1.2246627807617188,5.2121429443359375,3.696533203125,17089679360,11274289152,7145578496,0
199,1738831742758,5332.556381225586,3200,1,0.99375,65207.701080322266,3200,3200,3200,3200,3200,3200,3200,3200,3200,3200,3200,3200,3200,3200,3200,3200,7.561256408691406,0.4510345458984375,6.3282012939453125,0.8632888793945313,4.289825439453125,25.36817169189453,7.0379791259765625,6.796409606933594,1.0626678466796875,51.61719512939453,43.713783264160156,0.2457122802734375,8.055023193359375,0.41674041748046875,7.3189849853515625,8.008743286132813,17089679360,11274289152,7145156608,0
200,1738831742958,5332.65315246582,3200,1,1,65210.20979309082,3200,3200,3200,3200,3200,3200,3200,3200,3200,3200,3200,3200,3200,3200,3200,3200,3.7504119873046875,0.5662689208984375,4.7093658447265625,1.0984954833984375,0.6669235229492188,2.8669204711914063,2.5559005737304688,2.3588790893554688,0.9124221801757813,1.0421218872070313,5.673515319824219,0.5427780151367188,1.2474899291992188,0.6828689575195313,0.63323974609375,0.981048583984375,17089679360,11274289152,7118241792,0
200,1738831743159,5332.734970092773,3200,1,0.99375,65212.692794799805,3200,3200,3200,3200,3200,3200,3200,3200,3200,3200,3200,3200,3200,3200,3200,3200,3.6259536743164063,0.90203857421875,2.7616958618164063,1.0999603271484375,0.6911087036132813,8.425788879394531,0,0.8779678344726563,1.6723480224609375,4.595329284667969,1.5764007568359375,1.0225067138671875,2.40228271484375,0.00164794921875,1.3918914794921875,3.0552139282226563,17089679360,11274289152,7114776576,0
200,1738831743359,5332.858871459961,3200,1,0.99375,65215.71826171875,3200,3200,3200,3200,3200,3200,3200,3200,3200,3200,3200,3200,3200,3200,3200,3200,4.679725646972656,0.19237518310546875,7.95538330078125,0.29354095458984375,1.89825439453125,14.874000549316406,6.469337463378906,3.7816085815429688,0.728424072265625,27.40509796142578,10.966110229492188,0.3642578125,3.7452774047851563,0.24898529052734375,5.368324279785156,3.0867233276367188,17089679360,11274289152,7114424320,0
200,1738831743560,5332.965774536133,3200,1,0.99375,65219.17070007324,3200,3200,3200,3200,3200,3200,3200,3200,3200,3200,3200,3200,3200,3200,3200,3200,11.175186157226563,0.08998870849609375,4.943336486816406,0,4.446022033691406,2.5390777587890625,1.0546417236328125,5.050956726074219,0.5051345825195313,85.38358306884766,14.821151733398438,0.2771453857421875,4.5328216552734375,0.05637359619140625,0.6472702026367188,3.0795211791992188,17089679360,11274289152,7118045184,0
200,1738831743761,5333.094345092773,3200,1,0.9875,65222.92851257324,3200,3200,3200,3200,3200,3200,3200,3200,3200,3200,3200,3200,3200,3200,3200,3200,5.8905181884765625,0.15769195556640625,8.468818664550781,0.3365478515625,2.8737564086914063,23.371749877929688,5.396430969238281,5.364006042480469,0.5294952392578125,50.845298767089844,46.08251190185547,0.1934967041015625,6.774833679199219,0.187225341796875,5.929512023925781,7.554862976074219,17089679360,11274289152,7118004224,0
200,1738831743962,5333.217803955078,3200,1,0.99375,65226.386322021484,3200,3200,3200,3200,3200,3200,3200,3200,3200,3200,3200,3200,3200,3200,3200,3200,12.132804870605469,0.21697998046875,7.183746337890625,0.12831878662109375,1.9351119995117188,2.3734130859375,2.0048980712890625,6.344703674316406,0.3832550048828125,72.48601531982422,23.71429443359375,0.36138916015625,7.0444183349609375,0.7068862915039063,1.41845703125,3.9320907592773438,17089679360,11274289152,7117434880,0
200,1738831744163,3483.6898345947266,3200,1,0.9875,65229.920471191406,3200,3200,3200,3200,3200,3200,3200,3200,3200,3200,3200,3200,3200,3200,3200,3200,6.005012512207031,0,5.550361633300781,0,3.0166015625,4.8969573974609375,1.6051025390625,3.8918533325195313,0,69.81680297851563,23.451637268066406,0,5.400260925292969,0,0.31150054931640625,5.438804626464844,17089679360,11274289152,7117512704,0
199,1738831744364,5333.433654785156,3200,1,0.9875,65233.64724731445,3200,3200,3200,3200,3200,3200,3200,3200,3200,3200,3200,3200,3200,3200,3200,3200,7.2045135498046875,0.311737060546875,4.2719573974609375,0.4582061767578125,2.0652542114257813,21.32738494873047,7.089439392089844,8.799774169921875,0.7660140991210938,55.90460205078125,40.91731643676758,0.45372772216796875,5.181098937988281,0.3813934326171875,4.867424011230469,6.488853454589844,17089679360,11274289152,7116087296,0
200,1738831744564,5333.547027587891,3200,1,0.9875,65237.12466430664,3200,3200,3200,3200,3200,3200,3200,3200,3200,3200,3200,3200,3200,3200,3200,3200,8.9822998046875,0.2356109619140625,7.24139404296875,0.13529205322265625,3.6105575561523438,0.1678619384765625,1.62030029296875,5.034965515136719,0.5401687622070313,73.440185546875,24.17302703857422,0.295562744140625,4.5332183837890625,0.7796249389648438,6.2475433349609375,2.7960052490234375,17089679360,11274289152,7116197888,0
200,1738831744765,5333.712310791016,3200,1,0.99375,65240.95812988281,3200,3200,3200,3200,3200,3200,3200,3200,3200,3200,3200,3200,3200,3200,3200,3200,6.690086364746094,0.2554779052734375,12.112762451171875,0.8816452026367188,4.246345520019531,23.030136108398438,3.300018310546875,6.6832733154296875,1.53692626953125,56.57894515991211,30.293411254882813,0.5786590576171875,4.419731140136719,0.17427825927734375,11.158172607421875,6.1689453125,17089679360,11274289152,7116132352,0
200,1738831744966,5333.831832885742,3200,1,0.99375,65244.559982299805,3200,3200,3200,3200,3200,3200,3200,3200,3200,3200,3200,3200,3200,3200,3200,3200,6.128715515136719,0.173431396484375,7.5997161865234375,0.076019287109375,1.6716461181640625,2.60040283203125,0.9601516723632813,4.55706787109375,0.3367156982421875,78.30534362792969,7.239715576171875,18.637245178222656,18.100173950195313,0.15955352783203125,0.5237350463867188,6.868370056152344,17089679360,11274289152,7112929280,0
200,1738831745167,5333.895782470703,3200,1,0.9875,65246.934509277344,3200,3200,3200,3200,3200,3200,3200,3200,3200,3200,3200,3200,3200,3200,3200,3200,2.08270263671875,0.160888671875,2.7044219970703125,0.14456939697265625,0.2757568359375,1.1207504272460938,0.5076904296875,0.9051895141601563,0.372222900390625,0.20093536376953125,0.39098358154296875,0.39525604248046875,2.34344482421875,0.229888916015625,0.5287322998046875,2.8461074829101563,17089679360,11274289152,7111880704,0
200,1738831745367,5334.004425048828,3200,1,0.99375,65250.08708190918,3200,3200,3200,3200,3200,3200,3200,3200,3200,3200,3200,3200,3200,3200,3200,3200,5.9361419677734375,1.0977401733398438,6.0125274658203125,0.43210601806640625,1.3276214599609375,19.274208068847656,6.31011962890625,6.8646697998046875,0.6544647216796875,40.26133728027344,15.226272583007813,0.7051162719726563,3.6418533325195313,0.353179931640625,4.308189392089844,5.604949951171875,17089679360,11274289152,7103639552,0
200,1738831745568,5334.145843505859,3200,1,1.01875,65253.54556274414,3200,3200,3200,3200,3200,3200,3200,3200,3200,3200,3200,3200,3200,3200,3200,3200,8.366104125976563,0.5175628662109375,11.033462524414063,0.11756134033203125,2.4656219482421875,0.322235107421875,1.5288009643554688,4.2107391357421875,0.29094696044921875,71.931884765625,23.199371337890625,0.22238922119140625,6.2308349609375,0.1905975341796875,1.3412933349609375,3.0864105224609375,17089679360,11274289152,7099805696,0
200,1738831745769,5334.271102905273,3200,1,0.9875,65257.303131103516,3200,3200,3200,3200,3200,3200,3200,3200,3200,3200,3200,3200,3200,3200,3200,3200,7.356834411621094,0,5.603569030761719,0.256317138671875,0.275421142578125,26.038162231445313,10.694602966308594,6.451316833496094,0.2378082275390625,60.1474723815918,37.28733444213867,0.07586669921875,5.6096343994140625,0,9.739288330078125,6.0048065185546875,17089679360,11274289152,7110078464,0
200,1738831745970,5334.382553100586,3200,1,0.99375,65260.765625,3200,3200,3200,3200,3200,3200,3200,3200,3200,3200,3200,3200,3200,3200,3200,3200,5.2142486572265625,0.03908538818359375,6.3520660400390625,0,4.6330108642578125,1.7738265991210938,1.346435546875,5.950279235839844,0,72.52178955078125,25.08185577392578,0.18671417236328125,4.140068054199219,0,0.45766448974609375,5.187492370605469,17089679360,11274289152,7109066752,0
200,1738831746171,5334.500442504883,3200,1,0.9812500000000001,65264.098373413086,3200,3200,3200,3200,3200,3200,3200,3200,3200,3200,3200,3200,3200,3200,3200,3200,4.9938812255859375,0.34995269775390625,7.488258361816406,0.20273590087890625,2.2812423706054688,0.2553253173828125,6.287261962890625,4.751045227050781,0.28826141357421875,75.93980407714844,20.869705200195313,0.28447723388671875,3.8868179321289063,0.29174041748046875,0.8226852416992188,3.8934860229492188,17089679360,11274289152,7107575808,0
200,1738831746372,3019.825225830078,3200,1,0.9812500000000001,65267.963470458984,3200,3200,3200,3200,3200,3200,3200,3200,3200,3200,3200,3200,3200,3200,3200,3200,12.476226806640625,0.15380859375,8.1873779296875,0.7761154174804688,3.6438064575195313,28.46343994140625,2.072784423828125,6.9122467041015625,0.4705963134765625,50.247314453125,43.49545669555664,0.16387939453125,7.380348205566406,0.2442474365234375,5.107688903808594,7.6901092529296875,17089679360,11274289152,7107633152,0
200,1738831746573,5334.738830566406,3200,1,0.99375,65271.41487121582,3200,3200,3200,3200,3200,3200,3200,3200,3200,3200,3200,3200,3200,3200,3200,3200,9.856239318847656,0,3.5577850341796875,0,2.9436798095703125,0,3.4112319946289063,4.529090881347656,0.1757049560546875,83.36109924316406,16.321945190429688,0.07125091552734375,3.4151840209960938,0.14385223388671875,1.44781494140625,2.6199264526367188,17089679360,11274289152,7105748992,0
200,1738831746774,5334.8785400390625,3200,1,0.99375,65275.25759887695,3200,3200,3200,3200,3200,3200,3200,3200,3200,3200,3200,3200,3200,3200,3200,3200,5.99505615234375,0.1974639892578125,7.622711181640625,1.6771087646484375,0.427215576171875,25.467987060546875,7.651466369628906,6.007591247558594,0.41950225830078125,64.652099609375,29.421554565429688,0.27014923095703125,7.50634765625,0.24567413330078125,9.555892944335938,6.3473968505859375,17089679360,11274289152,7109267456,0
200,1738831746974,5335.018692016602,3200,1,0.9875,65278.72579956055,3200,3200,3200,3200,3200,3200,3200,3200,3200,3200,3200,3200,3200,3200,3200,3200,5.1739654541015625,0.17646026611328125,8.882057189941406,1.44879150390625,2.8407669067382813,3.2220230102539063,3.8273468017578125,5.7032470703125,0.3661651611328125,71.30430603027344,20.57878875732422,0.30323028564453125,6.889137268066406,0.280426025390625,1.1060714721679688,5.730033874511719,17089679360,11274289152,7108702208,0
199,1738831747175,5335.17057800293,3200,1,1,65282.2080078125,3200,3200,3200,3200,3200,3200,3200,3200,3200,3200,3200,3200,3200,3200,3200,3200,8.482185363769531,0.4583587646484375,11.140228271484375,0.1842803955078125,3.490875244140625,0.5362167358398438,3.6928634643554688,4.658775329589844,2.11053466796875,63.23788070678711,19.354515075683594,0.38208770751953125,9.917251586914063,0.341094970703125,1.2508392333984375,2.7287368774414063,17089679360,11274289152,7108763648,0
199,1738831747376,5335.282089233398,3200,1,0.99375,65284.895248413086,3200,3200,3200,3200,3200,3200,3200,3200,3200,3200,3200,3200,3200,3200,3200,3200,3.6599655151367188,0.07093048095703125,3.7755279541015625,2.7848968505859375,0.5325775146484375,26.35888671875,2.6205062866210938,3.3652114868164063,0.34619140625,0.1422576904296875,0.7088241577148438,0.12825775146484375,0.217681884765625,0.11031341552734375,3.95697021484375,6.219444274902344,17089679360,11274289152,7108734976,0
200,1738831747576,5335.38166809082,3200,1,1.0125000000000002,65288.16003417969,3200,3200,3200,3200,3200,3200,3200,3200,3200,3200,3200,3200,3200,3200,3200,3200,4.705726623535156,0.09668731689453125,3.6619720458984375,0,3.2563247680664063,2.2791290283203125,0.5370635986328125,3.8628997802734375,0.15160369873046875,79.3224105834961,11.361236572265625,0,5.331733703613281,0,0.788360595703125,2.5115890502929688,17089679360,11274289152,7105892352,0
200,1738831747777,5335.5072021484375,3200,1,0.99375,65292.01713562012,3200,3200,3200,3200,3200,3200,3200,3200,3200,3200,3200,3200,3200,3200,3200,3200,9.499427795410156,0.5967636108398438,8.172958374023438,0.7585296630859375,3.6852798461914063,24.079330444335938,4.632972717285156,6.040863037109375,0.3831329345703125,52.44001770019531,41.022605895996094,0.268280029296875,5.102287292480469,0.2942657470703125,10.193199157714844,7.2164459228515625,17089679360,11274289152,7109107712,0
200,1738831747978,3486.313705444336,3200,1,0.9875,65295.43392944336,3200,3200,3200,3200,3200,3200,3200,3200,3200,3200,3200,3200,3200,3200,3200,3200,10.47613525390625,0.49546051025390625,7.228828430175781,1.1303176879882813,3.87646484375,3.429534912109375,2.0272445678710938,5.6698150634765625,0.38848876953125,69.97958374023438,23.205230712890625,0.18666839599609375,3.7815628051757813,0.30040740966796875,0.6151046752929688,7.0371551513671875,17089679360,11274289152,7108595712,0
200,1738831748179,5335.730407714844,3200,1,0.9875,65298.803298950195,3200,3200,3200,3200,3200,3200,3200,3200,3200,3200,3200,3200,3200,3200,3200,3200,8.988365173339844,0.24323272705078125,4.2295074462890625,0.12746429443359375,0.31995391845703125,0.2729339599609375,1.7573165893554688,4.4906005859375,0.25199127197265625,67.19912719726563,27.353012084960938,0.32701873779296875,7.846626281738281,0.22681427001953125,0.6904983520507813,2.9454727172851563,17089679360,11274289152,7108325376,0
199,1738831748379,5335.860122680664,3200,1,0.99375,65302.6579284668,3200,3200,3200,3200,3200,3200,3200,3200,3200,3200,3200,3200,3200,3200,3200,3200,10.196662902832031,0.3209228515625,8.698440551757813,0.5890731811523438,2.3819656372070313,26.44878387451172,3.9792404174804688,6.263450622558594,0.7825393676757813,45.99312210083008,37.755950927734375,0.5552749633789063,5.6865081787109375,0.34758758544921875,9.483871459960938,8.791450500488281,17089679360,11274289152,7107768320,0
199,1738831748579,5335.984130859375,3200,1,0.99375,65305.35511779785,3200,3200,3200,3200,3200,3200,3200,3200,3200,3200,3200,3200,3200,3200,3200,3200,5.414665222167969,3.210174560546875,9.001747131347656,0.123321533203125,0.1856536865234375,0.2628326416015625,1.1830978393554688,2.4923095703125,0.6570281982421875,10.349197387695313,2.9469451904296875,1.2075881958007813,4.81427001953125,0.21764373779296875,1.303314208984375,0.74285888671875,17089679360,11274289152,7106723840,0
200,1738831748779,5336.104751586914,3200,1,0.99375,65308.966400146484,3200,3200,3200,3200,3200,3200,3200,3200,3200,3200,3200,3200,3200,3200,3200,3200,6.7027435302734375,0.11020660400390625,6.697242736816406,0.58892822265625,0.568389892578125,26.082679748535156,2.6595077514648438,5.593055725097656,0.8225936889648438,48.76838684082031,42.395721435546875,0.12110137939453125,5.763343811035156,0.18712615966796875,4.469573974609375,6.040840148925781,17089679360,11274289152,7106670592,0
200,1738831748980,5336.2105712890625,3200,1,0.9875,65312.496841430664,3200,3200,3200,3200,3200,3200,3200,3200,3200,3200,3200,3200,3200,3200,3200,3200,6.060523986816406,0.1697845458984375,5.231971740722656,0.06006622314453125,1.8410491943359375,3.0797653198242188,5.708183288574219,6.544166564941406,0.4256134033203125,68.95631408691406,27.276100158691406,0.2261199951171875,5.433464050292969,0.19012451171875,6.162315368652344,5.462127685546875,17089679360,11274289152,7109042176,0
199,1738831749181,5336.308090209961,3200,1,0.9875,65315.8659362793,3200,3200,3200,3200,3200,3200,3200,3200,3200,3200,3200,3200,3200,3200,3200,3200,4.986763000488281,0.21781158447265625,4.888404846191406,0.1380615234375,1.3386077880859375,0.3862152099609375,4.335121154785156,4.598258972167969,0.39696502685546875,89.7288589477539,6.095024108886719,0.26537322998046875,4.696662902832031,0.197509765625,3.6805953979492188,2.981689453125,17089679360,11274289152,7108337664,0
200,1738831749381,3216.9056701660156,3200,1,0.99375,65319.78547668457,3200,3200,3200,3200,3200,3200,3200,3200,3200,3200,3200,3200,3200,3200,3200,3200,10.578338623046875,0.0485992431640625,2.8069229125976563,0.44554901123046875,3.3023223876953125,26.537147521972656,4.084136962890625,6.8475494384765625,0.38510894775390625,44.7302131652832,49.8341178894043,0.7445526123046875,6.585807800292969,0.08097076416015625,6.424125671386719,10.253211975097656,17089679360,11274289152,7108481024,0
200,1738831749582,5336.508377075195,3200,1,0.99375,65323.228759765625,3200,3200,3200,3200,3200,3200,3200,3200,3200,3200,3200,3200,3200,3200,3200,3200,8.287933349609375,0.14691162109375,4.719207763671875,0.07607269287109375,1.3006820678710938,0.2540740966796875,3.2455902099609375,4.308372497558594,0.2597503662109375,76.7795639038086,19.893898010253906,0.1701507568359375,5.774078369140625,0.2093505859375,0.559295654296875,2.9302749633789063,17089679360,11274289152,7107244032,0
200,1738831749783,5336.634521484375,3200,1,0.99375,65326.93478393555,3200,3200,3200,3200,3200,3200,3200,3200,3200,3200,3200,3200,3200,3200,3200,3200,6.025108337402344,0.22408294677734375,7.54034423828125,0.5910491943359375,3.30474853515625,24.270347595214844,2.9299163818359375,6.733772277832031,0.33065032958984375,61.991214752197266,31.387603759765625,0.25183868408203125,8.250198364257813,0.2939300537109375,5.257591247558594,7.550392150878906,17089679360,11274289152,7105773568,0
200,1738831749984,3487.7432708740234,3200,1,0.9812500000000001,65330.52964782715,3200,3200,3200,3200,3200,3200,3200,3200,3200,3200,3200,3200,3200,3200,3200,3200,12.733802795410156,1.7299270629882813,6.601646423339844,0.11391448974609375,1.2261123657226563,3.5392532348632813,6.788688659667969,4.617225646972656,0.7379150390625,71.06697082519531,26.883544921875,0.34722137451171875,4.744026184082031,0.2369842529296875,2.1321640014648438,6.1765289306640625,17089679360,11274289152,7109390336,0
200,1738831750185,5336.846603393555,3200,1,0.99375,65334.16621398926,3200,3200,3200,3200,3200,3200,3200,3200,3200,3200,3200,3200,3200,3200,3200,3200,7.200996398925781,0.381591796875,3.060394287109375,1.2174148559570313,2.9756698608398438,0.47979736328125,1.9103469848632813,5.075225830078125,0.4310455322265625,83.45487976074219,14.868209838867188,24.486167907714844,7.188209533691406,0.4260711669921875,0.77044677734375,3.10467529296875,17089679360,11274289152,7105134592,0
200,1738831750386,5336.95964050293,3200,1,0.99375,65337.93490600586,3200,3200,3200,3200,3200,3200,3200,3200,3200,3200,3200,3200,3200,3200,3200,3200,9.449424743652344,0.29959869384765625,5.80096435546875,0.6928939819335938,1.3804550170898438,22.5562744140625,6.250213623046875,5.362968444824219,2.5393218994140625,58.81112289428711,33.62327575683594,0.4007110595703125,11.598342895507813,0.3080596923828125,4.613075256347656,8.848785400390625,17089679360,11274289152,7104651264,0
200,1738831750587,5337.066345214844,3200,1,0.99375,65341.38708496094,3200,3200,3200,3200,3200,3200,3200,3200,3200,3200,3200,3200,3200,3200,3200,3200,6.3234405517578125,0.12343597412109375,5.6824951171875,0.0894012451171875,3.4637832641601563,2.164825439453125,0.8095016479492188,4.606475830078125,0.28890228271484375,78.74971771240234,17.4078369140625,0.17676544189453125,4.647918701171875,0.1934814453125,1.673187255859375,4.140251159667969,17089679360,11274289152,7104155648,0
200,1738831750788,3488.3018188476563,3200,1,0.9875,65345.18475341797,3200,3200,3200,3200,3200,3200,3200,3200,3200,3200,3200,3200,3200,3200,3200,3200,14.926185607910156,0.0897979736328125,7.385856628417969,0.19432830810546875,2.6249542236328125,20.629714965820313,5.2808990478515625,5.899696350097656,0.4886016845703125,57.75261688232422,34.61665344238281,2.269927978515625,13.756546020507813,0.13224029541015625,4.3892669677734375,7.207298278808594,17089679360,11274289152,7106039808,0
200,1738831750988,5337.28466796875,3200,1,0.99375,65348.706787109375,3200,3200,3200,3200,3200,3200,3200,3200,3200,3200,3200,3200,3200,3200,3200,3200,6.7335205078125,1.1445770263671875,3.29095458984375,0.36475372314453125,2.4488906860351563,5.6645965576171875,5.872802734375,6.807029724121094,0.49427032470703125,64.92001342773438,35.10277557373047,0.32665252685546875,5.4887542724609375,0.45546722412109375,7.15283203125,5.523857116699219,17089679360,11274289152,7112470528,0
200,1738831751189,5337.394134521484,3200,1,1.0125000000000002,65352.10763549805,3200,3200,3200,3200,3200,3200,3200,3200,3200,3200,3200,3200,3200,3200,3200,3200,5.018684387207031,0.5397567749023438,5.872222900390625,0.9139328002929688,3.4974822998046875,0.6183090209960938,4.431419372558594,4.9673919677734375,0.45821380615234375,77.09748840332031,15.440879821777344,0.38144683837890625,5.443115234375,0.49010467529296875,1.7291107177734375,3.9517135620117188,17089679360,11274289152,7112179712,0
200,1738831751390,5337.52604675293,3200,1,0.99375,65355.95292663574,3200,3200,3200,3200,3200,3200,3200,3200,3200,3200,3200,3200,3200,3200,3200,3200,8.129554748535156,1.0396728515625,8.468215942382813,0.619842529296875,2.3221664428710938,27.51422119140625,1.9495315551757813,10.311576843261719,2.4633102416992188,53.92166519165039,39.61109161376953,0.3015899658203125,4.299934387207031,0.659454345703125,6.835334777832031,8.995162963867188,17089679360,11274289152,7111376896,0
200,1738831751591,5337.677734375,3200,1,0.9875,65359.51524353027,3200,3200,3200,3200,3200,3200,3200,3200,3200,3200,3200,3200,3200,3200,3200,3200,7.3511810302734375,0.1747283935546875,12.084197998046875,0.10970306396484375,1.6324462890625,2.2610092163085938,3.8607177734375,6.5980987548828125,0.233184814453125,72.8985595703125,19.605377197265625,0.2037811279296875,5.469329833984375,0.4642791748046875,2.5134963989257813,3.1278762817382813,17089679360,11274289152,7110336512,0
200,1738831751792,5337.789138793945,3200,1,0.9875,65363.156799316406,3200,3200,3200,3200,3200,3200,3200,3200,3200,3200,3200,3200,3200,3200,3200,3200,6.4698333740234375,0.19965362548828125,6.200080871582031,0.2685089111328125,5.5941162109375,18.49970245361328,5.018096923828125,5.970634460449219,0.6593017578125,59.50457763671875,29.970375061035156,0.7377090454101563,6.946800231933594,0.1692047119140625,4.8479461669921875,6.977790832519531,17089679360,11274289152,7110422528,0
200,1738831751993,5337.908645629883,3200,1,0.99375,65366.7939453125,3200,3200,3200,3200,3200,3200,3200,3200,3200,3200,3200,3200,3200,3200,3200,3200,5.4196624755859375,0.1506500244140625,6.707618713378906,0.72418212890625,2.3908004760742188,8.89324951171875,4.404487609863281,6.2560272216796875,0.32880401611328125,78.05917358398438,19.785400390625,0.13188934326171875,3.6917495727539063,0.15955352783203125,7.044036865234375,7.013740539550781,17089679360,11274289152,7113322496,0
200,1738831752194,5338.016754150391,3200,1,0.9875,65370.173904418945,3200,3200,3200,3200,3200,3200,3200,3200,3200,3200,3200,3200,3200,3200,3200,3200,5.3661346435546875,0.2356719970703125,5.992652893066406,0.1959228515625,4.4794769287109375,0.26671600341796875,2.7685394287109375,4.893058776855469,0.31487274169921875,84.85377502441406,12.751319885253906,0.37711334228515625,3.3709259033203125,0.29572296142578125,1.172332763671875,3.18988037109375,17089679360,11274289152,7113269248,0
200,1738831752394,5338.143859863281,3200,1,0.9875,65373.98571777344,3200,3200,3200,3200,3200,3200,3200,3200,3200,3200,3200,3200,3200,3200,3200,3200,5.0365447998046875,0,7.972099304199219,0.13449859619140625,1.0279312133789063,23.687637329101563,6.301597595214844,6.0078887939453125,0.6274185180664063,47.95417404174805,47.485164642333984,0.00328826904296875,6.148414611816406,0.076568603515625,6.367454528808594,9.782424926757813,17089679360,11274289152,7112916992,0
200,1738831752595,3028.0777740478516,3200,1,0.9875,65377.49334716797,3200,3200,3200,3200,3200,3200,3200,3200,3200,3200,3200,3200,3200,3200,3200,3200,6.404899597167969,0,2.6737289428710938,0,0.6660385131835938,0.8408355712890625,3.1888504028320313,4.728340148925781,0,77.58425903320313,23.187225341796875,0,4.9915771484375,0,1.3840179443359375,3.2577590942382813,17089679360,11274289152,7111548928,0
200,1738831752796,5338.350830078125,3200,1,0.9875,65381.14370727539,3200,3200,3200,3200,3200,3200,3200,3200,3200,3200,3200,3200,3200,3200,3200,3200,4.8874969482421875,0.32939910888671875,5.512565612792969,0.349945068359375,3.7060165405273438,17.531951904296875,1.0431671142578125,5.7757415771484375,0.44820404052734375,73.59945678710938,25.50194549560547,0.3079071044921875,7.103385925292969,0.3409881591796875,5.1918182373046875,6.801849365234375,17089679360,11274289152,7111589888,0
200,1738831752997,5338.497817993164,3200,1,0.9875,65384.76298522949,3200,3200,3200,3200,3200,3200,3200,3200,3200,3200,3200,3200,3200,3200,3200,3200,6.450981140136719,0.44254302978515625,10.726455688476563,1.164093017578125,3.7348709106445313,11.999908447265625,3.6298446655273438,6.474113464355469,1.8768386840820313,52.59873962402344,45.95268249511719,0.5953292846679688,5.703857421875,0.45532989501953125,2.6311264038085938,7.608558654785156,17089679360,11274289152,7113543680,0
200,1738831753198,5338.606063842773,3200,1,0.99375,65388.24842834473,3200,3200,3200,3200,3200,3200,3200,3200,3200,3200,3200,3200,3200,3200,3200,3200,5.114471435546875,0.27780914306640625,5.475517272949219,0.6864166259765625,1.965667724609375,0.42920684814453125,4.025718688964844,4.508399963378906,0.447509765625,76.53872680664063,16.32257080078125,5.953277587890625,7.6412353515625,0.300994873046875,1.41253662109375,3.0383071899414063,17089679360,11274289152,7113523200,0
200,1738831753399,5338.74446105957,3200,1,0.99375,65391.97854614258,3200,3200,3200,3200,3200,3200,3200,3200,3200,3200,3200,3200,3200,3200,3200,3200,5.663299560546875,0.251739501953125,8.302703857421875,2.0554275512695313,2.4175643920898438,24.015335083007813,4.119712829589844,6.251258850097656,0.43358612060546875,65.40632629394531,30.579978942871094,0.25830841064453125,8.488479614257813,0.34084320068359375,6.763397216796875,6.832054138183594,17089679360,11274289152,7113195520,0
200,1738831753600,3219.130905151367,3200,1,0.9875,65395.44828796387,3200,3200,3200,3200,3200,3200,3200,3200,3200,3200,3200,3200,3200,3200,3200,3200,8.456565856933594,0.13303375244140625,5.790794372558594,1.8747787475585938,2.8321380615234375,2.25726318359375,3.0644760131835938,5.734779357910156,0.6461181640625,68.09283447265625,26.592185974121094,0.15636444091796875,2.916717529296875,0.6512908935546875,0.7696990966796875,5.309700012207031,17089679360,11274289152,7111815168,0
200,1738831753801,3490.455337524414,3200,1,0.9875,65398.86485290527,3200,3200,3200,3200,3200,3200,3200,3200,3200,3200,3200,3200,3200,3200,3200,3200,5.328338623046875,0.079254150390625,4.877449035644531,0.10198974609375,0.7486953735351563,0.7932205200195313,0.1698455810546875,4.152534484863281,0.16721343994140625,84.79322814941406,13.536598205566406,0.157958984375,9.112869262695313,0.1757659912109375,0.35482025146484375,5.8371429443359375,17089679360,11274289152,7111237632,0
200,1738831754002,5701.493713378906,3200,1,1,65402.48603820801,3200,3200,3200,3200,3200,3200,3200,3200,3200,3200,3200,3200,3200,3200,3200,3200,8.001747131347656,0.43532562255859375,5.610374450683594,6.217498779296875,2.627349853515625,19.53563690185547,11.696723937988281,6.297996520996094,3.58502197265625,44.98995590209961,30.32916259765625,0.5192108154296875,5.490623474121094,0.4865264892578125,10.874870300292969,5.090812683105469,17089679360,11274289152,7114231808,0
200,1738831754202,5339.188446044922,3200,1,1,65404.71267700195,3200,3200,3200,3200,3200,3200,3200,3200,3200,3200,3200,3200,3200,3200,3200,3200,1.0451126098632813,0.01667022705078125,2.2276077270507813,0,0,0.0040435791015625,0.0012969970703125,0,0.27855682373046875,0.07744598388671875,0.17974853515625,0.09256744384765625,0.16133880615234375,0.0919189453125,0.03238677978515625,0,17089679360,11274289152,7114231808,0
200,1738831754403,5339.307083129883,3200,1,0.9875,65408.01724243164,3200,3200,3200,3200,3200,3200,3200,3200,3200,3200,3200,3200,3200,3200,3200,3200,8.63165283203125,0.3013458251953125,3.3648605346679688,2.7913360595703125,4.278717041015625,22.22856903076172,6.0880279541015625,4.3168182373046875,0.6203994750976563,28.338821411132813,35.21485137939453,0.24835968017578125,4.05194091796875,0.16605377197265625,5.332283020019531,5.1539764404296875,17089679360,11274289152,7113551872,0
200,1738831754604,3219.571014404297,3200,1,0.99375,65411.4806060791,3200,3200,3200,3200,3200,3200,3200,3200,3200,3200,3200,3200,3200,3200,3200,3200,8.019363403320313,0,5.68670654296875,1.2260055541992188,2.55615234375,1.885406494140625,0.104949951171875,5.0001068115234375,0.12274932861328125,81.99452209472656,15.890472412109375,0.11229705810546875,7.403861999511719,0.02335357666015625,1.9721527099609375,4.998207092285156,17089679360,11274289152,7113330688,0
200,1738831754805,5339.519073486328,3200,1,0.9875,65414.826583862305,3200,3200,3200,3200,3200,3200,3200,3200,3200,3200,3200,3200,3200,3200,3200,3200,7.33953857421875,0.1942291259765625,3.6640243530273438,0.1013946533203125,1.51666259765625,0.4408416748046875,0.4335784912109375,3.797454833984375,0.2355194091796875,67.90065002441406,18.033950805664063,0.22243499755859375,11.147293090820313,0.25542449951171875,1.535919189453125,3.7231292724609375,17089679360,11274289152,7106539520,0
200,1738831755005,5339.658386230469,3200,1,0.9875,65418.62350463867,3200,3200,3200,3200,3200,3200,3200,3200,3200,3200,3200,3200,3200,3200,3200,3200,8.659721374511719,0.42276763916015625,8.043487548828125,1.2076187133789063,1.12725830078125,29.35240936279297,4.2436370849609375,6.9624481201171875,0.9565505981445313,49.64972686767578,45.44941711425781,0.4940948486328125,8.920921325683594,0.4783782958984375,4.880287170410156,6.6446990966796875,17089679360,11274289152,7106342912,0
200,1738831755206,5339.761779785156,3200,1,0.99375,65422.221450805664,3200,3200,3200,3200,3200,3200,3200,3200,3200,3200,3200,3200,3200,3200,3200,3200,6.707305908203125,0.309051513671875,4.499168395996094,0.22104644775390625,1.79754638671875,0.885711669921875,2.3320236206054688,4.928314208984375,0.392486572265625,85.0274429321289,13.4256591796875,18.380935668945313,7.740379333496094,0.37577056884765625,6.635467529296875,2.850372314453125,17089679360,11274289152,7109840896,0
200,1738831755406,5339.905303955078,3200,1,0.9875,65426.045349121094,3200,3200,3200,3200,3200,3200,3200,3200,3200,3200,3200,3200,3200,3200,3200,3200,6.292625427246094,0.35198211669921875,9.957855224609375,0.8795623779296875,2.11529541015625,27.065383911132813,2.5979461669921875,5.7544708251953125,1.1444931030273438,64.873046875,32.64225769042969,0.2339935302734375,8.461578369140625,0.19500732421875,5.071067810058594,6.216156005859375,17089679360,11274289152,7108698112,0
200,1738831755607,5340.023635864258,3200,1,0.99375,65429.58547973633,3200,3200,3200,3200,3200,3200,3200,3200,3200,3200,3200,3200,3200,3200,3200,3200,5.179931640625,0.12268829345703125,5.947151184082031,1.2805023193359375,3.571014404296875,1.8246383666992188,1.6183700561523438,5.568595886230469,0.4457244873046875,69.77239227294922,19.246688842773438,0.3353729248046875,12.445106506347656,0.22149658203125,0.6397552490234375,5.430534362792969,17089679360,11274289152,7108050944,0
200,1738831755808,5340.139862060547,3200,1,0.99375,65432.98190307617,3200,3200,3200,3200,3200,3200,3200,3200,3200,3200,3200,3200,3200,3200,3200,3200,6.439079284667969,0.34234619140625,7.0478668212890625,0.7126083374023438,4.7955322265625,0.3105621337890625,0.37946319580078125,5.521820068359375,0.5534210205078125,71.3177490234375,22.255859375,0.24549102783203125,6.814155578613281,0.41835784912109375,2.2493972778320313,3.0401077270507813,17089679360,11274289152,7106756608,0
199,1738831756009,5340.295669555664,3200,1,0.9875,65436.81271362305,3200,3200,3200,3200,3200,3200,3200,3200,3200,3200,3200,3200,3200,3200,3200,3200,5.2359619140625,0.23738861083984375,11.593345642089844,0.6780853271484375,2.2331390380859375,28.607093811035156,3.1816024780273438,6.0715789794921875,0.47676849365234375,52.09138107299805,44.59735107421875,0.39417266845703125,6.124122619628906,0.33943939208984375,4.6806793212890625,9.462310791015625,17089679360,11274289152,7106412544,0
4,1738831756209,5340.3941650390625,3200,1,0.99375,65440.06913757324,3200,3200,3200,3200,3200,3200,3200,3200,3200,3200,3200,3200,3200,3200,3200,3200,7.085624694824219,1.13433837890625,4.978919982910156,0.29529571533203125,1.6715850830078125,1.4208831787109375,2.5178756713867188,4.002754211425781,0.5418014526367188,43.053199768066406,19.703765869140625,7.37677001953125,1.9727783203125,0.48590850830078125,13.159187316894531,2.0952606201171875,17089679360,11274289152,6901063680,0
